latitude,longitude,timestamp,altitude
23.49456,87.31716,21:14:43,69.2
23.49456,87.31716,21:14:44,69.2
23.49456,87.31716,21:14:45,69.2
23.49456,87.31716,21:14:46,69.2
23.49456,87.31716,21:14:47,69.2
23.49456,87.31716,21:14:48,69.2
23.49456,87.31716,21:14:49,69.2
23.49456,87.31716,21:14:50,69.2
23.49456,87.31716,21:14:51,69.2
23.49456,87.31716,21:14:52,69.2
23.49456,87.31716,21:14:53,69.2
23.49456,87.31716,21:14:54,69.2
23.49456,87.31716,21:14:55,69.2
23.49456,87.31716,21:14:56,69.2
23.49456,87.31716,21:14:57,69.2
23.49456,87.31716,21:14:58,69.2
23.49456,87.31716,21:14:59,69.2
23.49456,87.31716,21:15:00,69.2
23.49456,87.31716,21:15:01,69.2
23.49456,87.31716,21:15:02,69.2
23.49456,87.31716,21:15:03,69.2
23.49456,87.31716,21:15:04,69.2
23.49456,87.31716,21:15:05,69.2
23.49456,87.31716,21:15:06,69.2
23.49456,87.31716,21:15:07,69.2
23.49456,87.31716,21:15:08,69.2
23.49456,87.31716,21:15:09,69.2
23.49456,87.31716,21:15:10,69.2
23.49456,87.31716,21:15:11,69.2
23.49456,87.31716,21:15:12,69.2
23.49456,87.31716,21:15:13,69.2
23.49456,87.31716,21:15:14,69.2
23.49456,87.31716,21:15:15,69.2
23.49456,87.31716,21:15:16,69.2
23.49456,87.31716,21:15:17,69.2
23.49456,87.31716,21:15:18,69.2
23.49456,87.31716,21:15:19,69.2
23.49456,87.31716,21:15:20,69.2
23.49456,87.31716,21:15:21,69.2
23.49456,87.31716,21:15:22,69.2
23.49456,87.31716,21:15:23,69.2
23.49456,87.31716,21:15:24,69.2
23.49456,87.31716,21:15:25,69.2
23.49456,87.31716,21:15:26,69.2
23.49456,87.31716,21:15:27,69.2
23.49456,87.31716,21:15:28,69.2
23.49456,87.31716,21:15:29,69.2
23.49456,87.31716,21:15:30,69.2
23.49456,87.31716,21:15:31,69.2
23.49456,87.31716,21:15:32,69.2
23.49456,87.31716,21:15:33,69.2
23.49456,87.31716,21:15:34,69.2
23.49456,87.31716,21:15:35,69.2
23.49456,87.31716,21:15:36,69.2
23.49456,87.31716,21:15:37,69.2
23.49456,87.31716,21:15:38,69.2
23.4945566667,87.3171583333,21:15:39,69.3
23.4945533333,87.3171566667,21:15:40,69.3
23.4945483333,87.317155,21:15:41,69.4
23.494545,87.3171533333,21:15:42,69.6
23.4945416667,87.3171516667,21:15:43,69.8
23.49454,87.3171516667,21:15:44,69.9
23.49454,87.31715,21:15:45,69.9
23.49454,87.31715,21:15:46,70.1
23.49454,87.31715,21:15:47,70.1
23.49454,87.31715,21:15:48,70.1
23.4945383333,87.31715,21:15:49,70.1
23.4945366667,87.3171483333,21:15:50,70.1
23.4945333333,87.3171466667,21:15:51,70.1
23.49453,87.317145,21:15:52,70.2
23.4945283333,87.3171433333,21:15:53,70.2
23.4945266667,87.3171416667,21:15:54,70.2
23.4945266667,87.3171416667,21:15:55,70.3
23.4945283333,87.3171416667,21:15:56,70.4
23.4945283333,87.3171416667,21:15:57,70.4
23.4945283333,87.31714,21:15:58,70.4
23.4945283333,87.31714,21:15:59,70.4
23.4945283333,87.31714,21:16:00,70.4
23.4945283333,87.31714,21:16:01,70.5
23.4945283333,87.31714,21:16:02,70.5
23.4945283333,87.31714,21:16:03,70.5
23.4945283333,87.31714,21:16:04,70.5
23.4945283333,87.31714,21:16:05,70.5
23.4945283333,87.31714,21:16:06,70.5
23.4945283333,87.31714,21:16:07,70.5
23.4945283333,87.31714,21:16:08,70.5
23.4945283333,87.31714,21:16:09,70.5
23.4945283333,87.31714,21:16:10,70.5
23.4945283333,87.31714,21:16:11,70.5
23.4945283333,87.31714,21:16:12,70.5
23.4945283333,87.31714,21:16:13,70.5
23.4945283333,87.31714,21:16:14,70.5
23.4945283333,87.31714,21:16:15,70.5
23.4945283333,87.31714,21:16:16,70.5
23.4945266667,87.31714,21:16:17,70.5
23.494525,87.3171383333,21:16:18,70.6
23.494525,87.3171383333,21:16:19,70.6
23.494525,87.3171383333,21:16:20,70.6
23.494525,87.3171383333,21:16:21,70.6
23.494525,87.3171383333,21:16:22,70.6
23.494525,87.3171383333,21:16:23,70.6
23.494525,87.3171383333,21:16:24,70.6
23.494525,87.3171383333,21:16:25,70.6
23.494525,87.3171383333,21:16:26,70.6
23.494525,87.3171383333,21:16:27,70.6
23.494525,87.3171383333,21:16:28,70.6
23.494525,87.3171383333,21:16:29,70.6
23.494525,87.3171383333,21:16:30,70.6
23.494525,87.3171383333,21:16:31,70.6
23.494525,87.3171383333,21:16:32,70.6
23.494525,87.3171383333,21:16:33,70.6
23.494525,87.3171383333,21:16:34,70.6
23.494525,87.3171383333,21:16:35,70.6
23.494525,87.3171383333,21:16:36,70.6
23.494525,87.3171383333,21:16:37,70.6
23.494525,87.3171383333,21:16:38,70.6
23.49452,87.317135,21:16:39,70.8
23.4945183333,87.317135,21:16:40,70.9
23.4945166667,87.3171333333,21:16:41,71.0
23.4945166667,87.3171316667,21:16:42,71.2
23.4945183333,87.3171316667,21:16:43,71.3
23.4945183333,87.3171316667,21:16:44,71.3
23.4945183333,87.3171316667,21:16:45,71.3
23.4945183333,87.3171316667,21:16:46,71.3
23.4945183333,87.3171316667,21:16:47,71.3
23.4945183333,87.3171316667,21:16:48,71.3
23.4945183333,87.3171316667,21:16:49,71.3
23.4945183333,87.3171316667,21:16:50,71.3
23.4945183333,87.3171316667,21:16:51,71.3
23.4945183333,87.3171316667,21:16:52,71.3
23.4945183333,87.3171316667,21:16:53,71.3
23.4945183333,87.3171316667,21:16:54,71.3
23.4945183333,87.3171316667,21:16:55,71.3
23.4945183333,87.3171316667,21:16:56,71.3
23.4945166667,87.31713,21:16:57,71.3
23.4945166667,87.31713,21:16:58,71.3
23.4945166667,87.31713,21:16:59,71.3
23.4945166667,87.31713,21:17:00,71.3
23.4945166667,87.31713,21:17:01,71.3
23.4945166667,87.31713,21:17:02,71.3
23.4945166667,87.31713,21:17:03,71.3
23.4945166667,87.31713,21:17:04,71.3
23.4945166667,87.31713,21:17:05,71.3
23.4945166667,87.31713,21:17:06,71.3
23.4945166667,87.31713,21:17:07,71.3
23.4945166667,87.31713,21:17:08,71.3
23.4945116667,87.3171283333,21:17:09,71.4
23.4945083333,87.3171266667,21:17:10,71.6
23.4945033333,87.3171233333,21:17:11,71.7
23.4945,87.3171216667,21:17:12,71.8
23.494495,87.31712,21:17:13,71.9
23.4944916667,87.3171183333,21:17:14,72.0
23.4944866667,87.317115,21:17:15,72.2
23.49448,87.3171133333,21:17:16,72.3
23.494475,87.31711,21:17:17,72.4
23.4944716667,87.3171066667,21:17:18,72.5
23.49447,87.317105,21:17:19,72.6
23.4944683333,87.3171016667,21:17:20,72.7
23.4944683333,87.3171,21:17:21,72.8
23.4944666667,87.3170983333,21:17:22,73.0
23.494465,87.3170983333,21:17:23,73.0
23.4944633333,87.3170983333,21:17:24,73.2
23.49446,87.3170966667,21:17:25,73.3
23.4944583333,87.3170966667,21:17:26,73.5
23.494455,87.3170966667,21:17:27,73.5
23.49445,87.317095,21:17:28,73.5
23.4944433333,87.3170933333,21:17:29,73.6
23.494435,87.31709,21:17:30,73.7
23.4944283333,87.31709,21:17:31,73.7
23.4944233333,87.31709,21:17:32,73.8
23.4944183333,87.3170883333,21:17:33,73.9
23.4944116667,87.3170866667,21:17:34,73.8
23.4944033333,87.3170833333,21:17:35,73.9
23.4943933333,87.3170766667,21:17:36,73.9
23.4943816667,87.3170633333,21:17:37,74.0
23.4943733333,87.3170416667,21:17:38,74.1
23.4943716667,87.31702,21:17:39,74.2
23.494375,87.3170033333,21:17:40,74.2
23.49438,87.3169966667,21:17:41,74.3
23.494385,87.31699,21:17:42,74.4
23.4943883333,87.316985,21:17:43,74.4
23.4943933333,87.3169783333,21:17:44,74.5
23.4943983333,87.3169683333,21:17:45,74.7
23.4944083333,87.316955,21:17:46,74.7
23.4944183333,87.3169383333,21:17:47,74.8
23.49443,87.3169216667,21:17:48,74.9
23.49444,87.3169033333,21:17:49,75.0
23.49445,87.316885,21:17:50,74.9
23.494465,87.316865,21:17:51,75.0
23.49448,87.3168483333,21:17:52,74.9
23.494495,87.31683,21:17:53,74.8
23.4945133333,87.3168183333,21:17:54,74.8
23.49453,87.3168116667,21:17:55,74.6
23.4945483333,87.3168083333,21:17:56,74.6
23.4945666667,87.316805,21:17:57,74.7
23.49458,87.3168016667,21:17:58,74.6
23.494595,87.3167933333,21:17:59,74.6
23.494615,87.3167833333,21:18:00,74.5
23.49464,87.316775,21:18:01,74.5
23.4946666667,87.3167683333,21:18:02,74.5
23.4946883333,87.316765,21:18:03,74.6
23.4947083333,87.3167666667,21:18:04,74.5
23.4947283333,87.3167666667,21:18:05,74.4
23.4947516667,87.31677,21:18:06,74.3
23.4947766667,87.316775,21:18:07,74.5
23.494805,87.3167783333,21:18:08,74.5
23.4948283333,87.3167783333,21:18:09,74.6
23.4948566667,87.316775,21:18:10,74.7
23.4948833333,87.31677,21:18:11,74.9
23.4949116667,87.3167616667,21:18:12,74.5
23.494945,87.3167483333,21:18:13,74.8
23.49498,87.3167266667,21:18:14,74.7
23.49501,87.3167033333,21:18:15,74.7
23.4950333333,87.3166783333,21:18:16,74.9
23.4950466667,87.3166583333,21:18:17,74.9
23.4950566667,87.3166333333,21:18:18,75.0
23.49507,87.316605,21:18:19,75.1
23.4950866667,87.3165766667,21:18:20,75.6
23.495105,87.31654,21:18:21,75.9
23.4951283333,87.3164983333,21:18:22,76.0
23.4951533333,87.3164516667,21:18:23,76.0
23.49518,87.3164033333,21:18:24,76.0
23.49521,87.31635,21:18:25,75.9
23.4952433333,87.316295,21:18:26,76.0
23.49528,87.3162333333,21:18:27,76.1
23.4953133333,87.3161716667,21:18:28,76.2
23.4953416667,87.31611,21:18:29,76.4
23.4953683333,87.3160433333,21:18:30,76.6
23.4953933333,87.3159733333,21:18:31,76.7
23.495425,87.3159,21:18:32,76.5
23.49546,87.3158233333,21:18:33,76.6
23.4954933333,87.3157383333,21:18:34,76.8
23.495525,87.3156516667,21:18:35,76.8
23.495555,87.3155633333,21:18:36,77.0
23.495585,87.3154716667,21:18:37,77.2
23.4956133333,87.3153783333,21:18:38,77.2
23.4956383333,87.3152866667,21:18:39,77.3
23.4956616667,87.3151983333,21:18:40,77.4
23.4956833333,87.3151133333,21:18:41,77.5
23.4957033333,87.3150316667,21:18:42,77.7
23.4957183333,87.314955,21:18:43,77.9
23.495735,87.314885,21:18:44,78.1
23.4957483333,87.3148266667,21:18:45,78.2
23.4957566667,87.3147766667,21:18:46,78.3
23.495765,87.31473,21:18:47,78.5
23.4957766667,87.3146866667,21:18:48,78.5
23.4957933333,87.3146433333,21:18:49,78.3
23.4958166667,87.3146,21:18:50,78.4
23.4958433333,87.314555,21:18:51,78.4
23.49588,87.3145083333,21:18:52,78.5
23.49592,87.314455,21:18:53,78.3
23.495965,87.3143966667,21:18:54,78.2
23.4960116667,87.3143316667,21:18:55,78.3
23.4960583333,87.3142583333,21:18:56,78.4
23.496105,87.314185,21:18:57,78.5
23.4961533333,87.3141116667,21:18:58,78.5
23.496205,87.3140383333,21:18:59,78.6
23.4962483333,87.3139666667,21:19:00,78.7
23.49629,87.3139,21:19:01,78.6
23.49632,87.3138466667,21:19:02,78.4
23.4963383333,87.31381,21:19:03,78.1
23.49635,87.3137883333,21:19:04,77.8
23.4963583333,87.3137766667,21:19:05,77.5
23.4963633333,87.3137716667,21:19:06,77.3
23.496365,87.31377,21:19:07,77.1
23.4963666667,87.3137716667,21:19:08,77.2
23.49637,87.3137716667,21:19:09,77.2
23.49637,87.3137716667,21:19:10,77.2
23.49637,87.3137716667,21:19:11,77.1
23.49637,87.3137716667,21:19:12,77.1
23.49637,87.3137716667,21:19:13,77.1
23.49637,87.3137716667,21:19:14,77.1
23.49637,87.3137716667,21:19:15,77.1
23.49637,87.3137716667,21:19:16,77.1
23.49637,87.3137716667,21:19:17,77.1
23.49637,87.3137716667,21:19:18,77.1
23.49637,87.3137716667,21:19:19,77.1
23.49637,87.3137716667,21:19:20,77.1
23.49637,87.3137716667,21:19:21,77.1
23.49637,87.3137716667,21:19:22,77.1
23.49637,87.3137716667,21:19:23,77.1
23.49637,87.3137716667,21:19:24,77.1
23.49637,87.3137716667,21:19:25,77.1
23.49637,87.3137716667,21:19:26,77.1
23.49637,87.3137716667,21:19:27,77.1
23.49637,87.3137716667,21:19:28,77.1
23.49637,87.3137716667,21:19:29,77.1
23.49637,87.3137716667,21:19:30,77.1
23.4963733333,87.3137683333,21:19:31,77.1
23.49638,87.3137566667,21:19:32,77.2
23.4963783333,87.3137416667,21:19:33,77.5
23.49639,87.3137233333,21:19:34,77.8
23.4963983333,87.31371,21:19:35,78.0
23.496405,87.3137,21:19:36,78.2
23.4964083333,87.313695,21:19:37,78.3
23.496415,87.3136833333,21:19:38,78.5
23.4964266667,87.3136616667,21:19:39,78.6
23.49644,87.3136366667,21:19:40,78.7
23.4964616667,87.3136016667,21:19:41,78.8
23.4964833333,87.3135666667,21:19:42,78.9
23.4965033333,87.31353,21:19:43,79.0
23.496525,87.31349,21:19:44,79.1
23.4965516667,87.3134416667,21:19:45,79.2
23.4965816667,87.3133916667,21:19:46,79.3
23.496615,87.313335,21:19:47,79.4
23.4966516667,87.3132733333,21:19:48,79.5
23.4966883333,87.3132083333,21:19:49,79.7
23.4967283333,87.3131383333,21:19:50,79.9
23.4967716667,87.3130633333,21:19:51,79.9
23.4968183333,87.312985,21:19:52,80.2
23.4968666667,87.3129083333,21:19:53,80.2
23.496915,87.3128316667,21:19:54,80.2
23.496965,87.31275,21:19:55,80.4
23.4970166667,87.312665,21:19:56,80.5
23.4970666667,87.3125783333,21:19:57,80.6
23.4971183333,87.3124866667,21:19:58,80.8
23.4971733333,87.312395,21:19:59,81.0
23.49723,87.3123033333,21:20:00,81.2
23.49729,87.3122083333,21:20:01,81.3
23.4973533333,87.31211,21:20:02,81.3
23.4974166667,87.31201,21:20:03,81.4
23.49748,87.311905,21:20:04,81.6
23.497545,87.3118016667,21:20:05,81.9
23.4976083333,87.3116983333,21:20:06,82.0
23.4976733333,87.311595,21:20:07,82.4
23.4977316667,87.3114866667,21:20:08,82.5
23.497795,87.3113816667,21:20:09,82.7
23.4978633333,87.3112766667,21:20:10,83.1
23.4979283333,87.3111683333,21:20:11,83.2
23.4979933333,87.31106,21:20:12,83.7
23.49806,87.3109483333,21:20:13,84.3
23.498125,87.3108333333,21:20:14,84.4
23.4981916667,87.3107183333,21:20:15,84.9
23.4982566667,87.3106033333,21:20:16,84.9
23.4983233333,87.310485,21:20:17,85.6
23.4983916667,87.3103666667,21:20:18,86.3
23.49846,87.310245,21:20:19,87.0
23.4985316667,87.3101233333,21:20:20,87.6
23.4986016667,87.3100016667,21:20:21,87.9
23.49867,87.3098816667,21:20:22,88.3
23.4987366667,87.3097616667,21:20:23,88.8
23.4988,87.309645,21:20:24,88.5
23.4988666667,87.3095283333,21:20:25,88.9
23.4989283333,87.3094116667,21:20:26,89.1
23.4989866667,87.3092933333,21:20:27,89.2
23.4990383333,87.3091733333,21:20:28,89.4
23.4990833333,87.3090533333,21:20:29,89.5
23.4991266667,87.3089333333,21:20:30,89.6
23.4991683333,87.3088116667,21:20:31,89.7
23.49921,87.3086933333,21:20:32,89.9
23.49925,87.3085716667,21:20:33,90.0
23.4992916667,87.3084483333,21:20:34,90.3
23.4993333333,87.3083283333,21:20:35,90.6
23.4993783333,87.3082083333,21:20:36,90.6
23.4994216667,87.3080883333,21:20:37,90.8
23.4994616667,87.3079666667,21:20:38,90.8
23.4995,87.3078433333,21:20:39,91.0
23.4995416667,87.30772,21:20:40,91.2
23.4995833333,87.3075966667,21:20:41,91.1
23.499625,87.3074716667,21:20:42,91.2
23.4996666667,87.307345,21:20:43,91.3
23.4997083333,87.30722,21:20:44,91.2
23.49975,87.307095,21:20:45,91.2
23.4997933333,87.3069733333,21:20:46,92.0
23.4998366667,87.306855,21:20:47,92.3
23.499875,87.3067366667,21:20:48,92.8
23.49991,87.306625,21:20:49,93.0
23.4999433333,87.30652,21:20:50,93.0
23.4999783333,87.30642,21:20:51,92.9
23.5000083333,87.3063266667,21:20:52,92.7
23.5000316667,87.30624,21:20:53,92.6
23.5000383333,87.3061566667,21:20:54,92.5
23.500025,87.3060833333,21:20:55,92.9
23.5000066667,87.3060183333,21:20:56,93.2
23.499995,87.3059616667,21:20:57,93.0
23.4999983333,87.3059083333,21:20:58,92.9
23.500015,87.305865,21:20:59,92.8
23.50004,87.3058316667,21:21:00,92.5
23.5000733333,87.3058116667,21:21:01,92.5
23.50011,87.305805,21:21:02,92.1
23.5001533333,87.3058016667,21:21:03,92.0
23.5001916667,87.3058033333,21:21:04,92.0
23.5002216667,87.305805,21:21:05,91.9
23.500245,87.3058083333,21:21:06,91.8
23.5002583333,87.3058133333,21:21:07,91.6
23.50027,87.3058166667,21:21:08,91.5
23.500275,87.3058183333,21:21:09,91.4
23.500275,87.30582,21:21:10,91.5
23.500275,87.30582,21:21:11,91.8
23.500275,87.30582,21:21:12,91.8
23.500275,87.30582,21:21:13,91.8
23.500275,87.30582,21:21:14,91.8
23.500275,87.30582,21:21:15,91.8
23.500275,87.30582,21:21:16,91.8
23.500275,87.30582,21:21:17,91.8
23.500275,87.30582,21:21:18,91.8
23.500275,87.30582,21:21:19,91.8
23.500275,87.30582,21:21:20,91.8
23.500275,87.30582,21:21:21,91.8
23.500275,87.30582,21:21:22,91.8
23.500275,87.30582,21:21:23,91.8
23.500275,87.30582,21:21:24,91.8
23.500275,87.30582,21:21:25,91.8
23.500275,87.30582,21:21:26,91.8
23.500275,87.30582,21:21:27,91.8
23.500275,87.30582,21:21:28,91.8
23.5002833333,87.30582,21:21:29,91.8
23.5003,87.3058233333,21:21:30,91.7
23.5003216667,87.3058316667,21:21:31,91.5
23.5003466667,87.3058383333,21:21:32,91.3
23.5003716667,87.3058466667,21:21:33,90.9
23.5004016667,87.30585,21:21:34,90.6
23.50044,87.3058583333,21:21:35,90.4
23.50048,87.3058666667,21:21:36,90.5
23.5005216667,87.3058716667,21:21:37,90.3
23.50057,87.30588,21:21:38,90.2
23.5006266667,87.3058916667,21:21:39,89.7
23.5006866667,87.3059083333,21:21:40,89.5
23.50075,87.3059316667,21:21:41,89.3
23.5008166667,87.30596,21:21:42,89.1
23.5008866667,87.3059916667,21:21:43,89.2
23.5009583333,87.3060266667,21:21:44,89.0
23.50103,87.3060666667,21:21:45,89.3
23.5011033333,87.3061083333,21:21:46,89.3
23.5011816667,87.3061516667,21:21:47,89.3
23.5012633333,87.3061983333,21:21:48,89.4
23.5013433333,87.306245,21:21:49,89.5
23.5014233333,87.30629,21:21:50,89.7
23.5014983333,87.3063383333,21:21:51,89.8
23.50157,87.3063816667,21:21:52,89.9
23.5016383333,87.3064216667,21:21:53,90.1
23.5017016667,87.306465,21:21:54,90.0
23.5017666667,87.306505,21:21:55,90.1
23.5018383333,87.306545,21:21:56,90.1
23.5019116667,87.306585,21:21:57,90.3
23.5019883333,87.30663,21:21:58,90.5
23.502065,87.3066783333,21:21:59,90.7
23.5021433333,87.3067266667,21:22:00,90.9
23.5022233333,87.3067766667,21:22:01,91.1
23.502305,87.3068233333,21:22:02,91.2
23.5023883333,87.3068633333,21:22:03,91.4
23.50247,87.306895,21:22:04,91.6
23.5025483333,87.3069216667,21:22:05,91.6
23.5026233333,87.306945,21:22:06,91.7
23.5026916667,87.3069683333,21:22:07,91.8
23.502755,87.3069916667,21:22:08,91.8
23.5028116667,87.307015,21:22:09,91.8
23.5028583333,87.3070516667,21:22:10,91.9
23.5028983333,87.3070966667,21:22:11,92.1
23.5029383333,87.3071466667,21:22:12,92.1
23.5029816667,87.3071983333,21:22:13,92.1
23.5030283333,87.30725,21:22:14,92.3
23.50308,87.3072983333,21:22:15,92.4
23.50313,87.3073366667,21:22:16,92.4
23.5031766667,87.30737,21:22:17,92.5
23.5032166667,87.3073966667,21:22:18,92.6
23.5032433333,87.307415,21:22:19,92.5
23.5032583333,87.307425,21:22:20,92.6
23.5032633333,87.30743,21:22:21,92.6
23.5032616667,87.30743,21:22:22,92.7
23.50326,87.3074316667,21:22:23,92.6
23.5032566667,87.3074316667,21:22:24,92.6
23.5032566667,87.3074316667,21:22:25,92.6
23.5032566667,87.3074316667,21:22:26,92.6
23.5032566667,87.3074316667,21:22:27,92.6
23.5032566667,87.3074316667,21:22:28,92.6
23.5032566667,87.3074316667,21:22:29,92.6
23.5032566667,87.3074316667,21:22:30,92.6
23.5032566667,87.3074316667,21:22:31,92.6
23.5032566667,87.3074316667,21:22:32,92.6
23.5032566667,87.3074316667,21:22:33,92.6
23.5032566667,87.3074316667,21:22:34,92.6
23.5032566667,87.3074316667,21:22:35,92.6
23.5032566667,87.3074316667,21:22:36,92.6
23.5032566667,87.3074316667,21:22:37,92.6
23.5032566667,87.3074316667,21:22:38,92.6
23.5032566667,87.3074316667,21:22:39,92.6
23.5032566667,87.3074316667,21:22:40,92.6
23.5032566667,87.3074316667,21:22:41,92.6
23.5032616667,87.307435,21:22:42,92.7
23.5032783333,87.3074433333,21:22:43,92.9
23.503305,87.3074483333,21:22:44,93.3
23.5033416667,87.3074666667,21:22:45,93.6
23.5033816667,87.30749,21:22:46,93.7
23.50342,87.3075166667,21:22:47,93.7
23.5034666667,87.3075433333,21:22:48,93.7
23.5035183333,87.307575,21:22:49,93.7
23.503575,87.30761,21:22:50,93.6
23.5036366667,87.3076483333,21:22:51,93.7
23.5037016667,87.30769,21:22:52,93.8
23.5037683333,87.3077316667,21:22:53,93.8
23.503835,87.307775,21:22:54,93.9
23.503905,87.30782,21:22:55,93.9
23.5039783333,87.3078666667,21:22:56,94.0
23.504055,87.307915,21:22:57,93.9
23.5041333333,87.3079616667,21:22:58,94.0
23.50421,87.3080066667,21:22:59,94.1
23.5042833333,87.3080516667,21:23:00,94.1
23.5043566667,87.3080933333,21:23:01,94.2
23.5044283333,87.3081366667,21:23:02,94.2
23.5044933333,87.30818,21:23:03,94.2
23.504555,87.3082216667,21:23:04,94.3
23.5046183333,87.3082633333,21:23:05,94.3
23.5046816667,87.30831,21:23:06,94.2
23.5047483333,87.3083583333,21:23:07,94.1
23.5048233333,87.3084016667,21:23:08,94.1
23.5049033333,87.308445,21:23:09,94.0
23.504985,87.3084883333,21:23:10,94.0
23.5050666667,87.3085316667,21:23:11,94.0
23.5051433333,87.3085783333,21:23:12,93.9
23.50522,87.3086233333,21:23:13,93.8
23.505295,87.3086716667,21:23:14,93.7
23.5053683333,87.30872,21:23:15,93.5
23.505445,87.3087716667,21:23:16,93.4
23.5055216667,87.308825,21:23:17,93.4
23.505605,87.308875,21:23:18,93.3
23.5056933333,87.3089233333,21:23:19,93.3
23.5057816667,87.3089733333,21:23:20,93.2
23.50587,87.3090216667,21:23:21,93.3
23.5059583333,87.3090716667,21:23:22,93.4
23.5060433333,87.309125,21:23:23,93.4
23.5061283333,87.3091766667,21:23:24,93.4
23.50621,87.309225,21:23:25,93.4
23.5062916667,87.3092716667,21:23:26,93.5
23.506375,87.3093216667,21:23:27,93.6
23.5064583333,87.30937,21:23:28,93.8
23.50654,87.3094183333,21:23:29,94.1
23.50662,87.3094683333,21:23:30,94.1
23.5067033333,87.3095166667,21:23:31,94.4
23.5067866667,87.3095683333,21:23:32,94.5
23.5068683333,87.3096183333,21:23:33,94.7
23.50695,87.30967,21:23:34,94.8
23.5070316667,87.3097183333,21:23:35,95.0
23.5071116667,87.3097683333,21:23:36,95.1
23.507195,87.30982,21:23:37,95.2
23.5072783333,87.3098733333,21:23:38,95.4
23.5073633333,87.3099266667,21:23:39,95.5
23.50745,87.30998,21:23:40,95.8
23.507535,87.3100316667,21:23:41,95.9
23.5076216667,87.3100783333,21:23:42,96.1
23.5077033333,87.3101233333,21:23:43,96.3
23.50778,87.3101633333,21:23:44,96.4
23.507845,87.3102,21:23:45,96.5
23.5079,87.31023,21:23:46,96.5
23.50795,87.3102483333,21:23:47,96.6
23.5079916667,87.3102666667,21:23:48,96.6
23.50803,87.3102816667,21:23:49,96.7
23.5080683333,87.3102983333,21:23:50,96.8
23.5081083333,87.3103166667,21:23:51,96.8
23.5081533333,87.3103316667,21:23:52,97.0
23.5081983333,87.3103466667,21:23:53,97.1
23.5082433333,87.31036,21:23:54,97.2
23.5082883333,87.31038,21:23:55,97.2
23.508335,87.3104033333,21:23:56,97.2
23.5083833333,87.3104283333,21:23:57,97.1
23.508435,87.310455,21:23:58,97.3
23.50849,87.31048,21:23:59,97.4
23.508545,87.3105033333,21:24:00,97.4
23.5085966667,87.3105183333,21:24:01,97.4
23.5086416667,87.3105283333,21:24:02,97.5
23.5086883333,87.3105316667,21:24:03,97.5
23.5087366667,87.310535,21:24:04,97.6
23.5087866667,87.31054,21:24:05,97.6
23.5088416667,87.310545,21:24:06,97.7
23.5088966667,87.31055,21:24:07,97.7
23.5089516667,87.3105533333,21:24:08,97.7
23.5090033333,87.310555,21:24:09,97.8
23.5090516667,87.3105583333,21:24:10,97.9
23.5090983333,87.3105616667,21:24:11,98.0
23.5091466667,87.3105633333,21:24:12,98.0
23.5091983333,87.3105666667,21:24:13,98.0
23.50925,87.3105683333,21:24:14,98.1
23.5093033333,87.3105683333,21:24:15,98.2
23.50936,87.3105683333,21:24:16,98.2
23.5094133333,87.3105716667,21:24:17,98.3
23.5094633333,87.31057,21:24:18,98.3
23.5095133333,87.31057,21:24:19,98.4
23.5095616667,87.3105716667,21:24:20,98.4
23.5096116667,87.3105733333,21:24:21,98.6
23.50966,87.310575,21:24:22,98.7
23.5097033333,87.310575,21:24:23,98.8
23.509745,87.3105733333,21:24:24,98.8
23.5097866667,87.3105733333,21:24:25,98.9
23.5098266667,87.3105733333,21:24:26,98.9
23.50987,87.31057,21:24:27,98.9
23.509915,87.3105666667,21:24:28,98.8
23.5099583333,87.310565,21:24:29,99.0
23.510005,87.3105633333,21:24:30,99.0
23.51005,87.31056,21:24:31,99.1
23.5100966667,87.3105583333,21:24:32,99.2
23.5101433333,87.3105583333,21:24:33,99.3
23.51019,87.31056,21:24:34,99.3
23.510235,87.31056,21:24:35,99.4
23.5102783333,87.3105583333,21:24:36,99.5
23.51032,87.3105566667,21:24:37,99.6
23.5103583333,87.310555,21:24:38,99.8
23.5104016667,87.3105533333,21:24:39,100.0
23.51045,87.3105516667,21:24:40,100.0
23.5105,87.3105483333,21:24:41,100.0
23.51055,87.310545,21:24:42,100.2
23.5105983333,87.3105416667,21:24:43,100.5
23.510645,87.3105366667,21:24:44,100.8
23.5106883333,87.3105316667,21:24:45,100.7
23.51073,87.3105266667,21:24:46,100.7
23.5107716667,87.31052,21:24:47,100.6
23.510815,87.3105066667,21:24:48,100.5
23.5108566667,87.3104966667,21:24:49,100.4
23.5109,87.3104866667,21:24:50,100.3
23.5109433333,87.3104783333,21:24:51,100.2
23.5109833333,87.3104766667,21:24:52,100.1
23.5110233333,87.31048,21:24:53,100.1
23.511065,87.31049,21:24:54,100.1
23.5111116667,87.3105033333,21:24:55,100.2
23.5111616667,87.310515,21:24:56,100.3
23.5112116667,87.3105233333,21:24:57,100.5
23.5112633333,87.31053,21:24:58,100.8
23.511315,87.3105333333,21:24:59,100.9
23.511365,87.310535,21:25:00,101.0
23.5114133333,87.3105366667,21:25:01,101.0
23.51146,87.31054,21:25:02,101.2
23.5115066667,87.3105416667,21:25:03,101.2
23.51155,87.3105416667,21:25:04,101.1
23.511595,87.31054,21:25:05,101.2
23.511635,87.3105383333,21:25:06,101.3
23.5116783333,87.3105366667,21:25:07,101.4
23.5117166667,87.3105366667,21:25:08,101.4
23.5117566667,87.3105383333,21:25:09,101.4
23.5117966667,87.3105366667,21:25:10,101.5
23.51184,87.3105366667,21:25:11,101.2
23.5118866667,87.31054,21:25:12,101.1
23.511935,87.3105433333,21:25:13,101.2
23.5119816667,87.3105433333,21:25:14,101.2
23.512025,87.31054,21:25:15,101.3
23.5120683333,87.3105383333,21:25:16,101.4
23.5121116667,87.3105366667,21:25:17,101.4
23.5121533333,87.3105366667,21:25:18,101.4
23.5121983333,87.310545,21:25:19,101.3
23.51224,87.3105433333,21:25:20,101.4
23.5122866667,87.3105416667,21:25:21,101.6
23.5123316667,87.3105433333,21:25:22,101.3
23.51238,87.3105416667,21:25:23,101.5
23.5124283333,87.3105416667,21:25:24,101.6
23.512475,87.3105416667,21:25:25,101.8
23.51252,87.3105366667,21:25:26,101.9
23.5125666667,87.310535,21:25:27,101.6
23.5126133333,87.310535,21:25:28,101.5
23.5126583333,87.3105316667,21:25:29,101.6
23.512705,87.31053,21:25:30,101.5
23.5127516667,87.3105316667,21:25:31,101.5
23.5127966667,87.3105316667,21:25:32,101.5
23.5128416667,87.3105333333,21:25:33,101.5
23.512885,87.3105316667,21:25:34,101.4
23.5129233333,87.3105316667,21:25:35,101.5
23.5129616667,87.3105333333,21:25:36,101.5
23.5130016667,87.3105333333,21:25:37,101.4
23.5130433333,87.3105333333,21:25:38,101.5
23.5130866667,87.310535,21:25:39,101.4
23.5131333333,87.3105366667,21:25:40,101.4
23.5131833333,87.3105433333,21:25:41,101.4
23.51324,87.3105516667,21:25:42,101.4
23.5133016667,87.310555,21:25:43,101.5
23.5133683333,87.310555,21:25:44,101.6
23.51344,87.310555,21:25:45,101.7
23.5135133333,87.3105516667,21:25:46,101.7
23.5135866667,87.3105466667,21:25:47,101.9
23.51366,87.3105416667,21:25:48,102.2
23.513735,87.3105366667,21:25:49,102.4
23.513815,87.3105333333,21:25:50,102.6
23.5139,87.310535,21:25:51,102.8
23.5139833333,87.31054,21:25:52,102.9
23.51407,87.3105483333,21:25:53,103.1
23.51416,87.31056,21:25:54,103.3
23.5142516667,87.31057,21:25:55,103.4
23.514345,87.31058,21:25:56,103.6
23.5144383333,87.31059,21:25:57,103.8
23.5145283333,87.3105983333,21:25:58,103.9
23.5146183333,87.31061,21:25:59,104.1
23.5147083333,87.31062,21:26:00,104.3
23.5147983333,87.31063,21:26:01,104.2
23.51489,87.3106416667,21:26:02,104.0
23.5149833333,87.3106566667,21:26:03,104.0
23.5150783333,87.3106716667,21:26:04,104.1
23.5151766667,87.3106916667,21:26:05,103.8
23.515275,87.3107133333,21:26:06,103.7
23.5153766667,87.310735,21:26:07,103.6
23.5154783333,87.31076,21:26:08,103.6
23.51558,87.3107883333,21:26:09,103.9
23.51568,87.3108166667,21:26:10,104.1
23.51578,87.3108466667,21:26:11,104.3
23.5158783333,87.3108766667,21:26:12,104.4
23.5159766667,87.3109083333,21:26:13,104.6
23.516075,87.3109416667,21:26:14,104.8
23.5161716667,87.3109766667,21:26:15,105.0
23.5162683333,87.3110083333,21:26:16,105.4
23.5163633333,87.3110366667,21:26:17,105.5
23.5164583333,87.3110666667,21:26:18,105.8
23.5165533333,87.3110983333,21:26:19,106.1
23.5166483333,87.31113,21:26:20,106.2
23.516745,87.3111616667,21:26:21,106.4
23.51684,87.3111933333,21:26:22,106.6
23.5169383333,87.311225,21:26:23,106.8
23.517035,87.311255,21:26:24,107.2
23.51713,87.311285,21:26:25,107.6
23.5172266667,87.31131,21:26:26,108.0
23.51732,87.3113366667,21:26:27,108.4
23.517415,87.311365,21:26:28,108.8
23.51751,87.31139,21:26:29,108.6
23.517605,87.3114033333,21:26:30,108.7
23.5177033333,87.3114033333,21:26:31,109.2
23.5178,87.311395,21:26:32,109.2
23.517895,87.3113833333,21:26:33,109.0
23.5179883333,87.3113683333,21:26:34,109.0
23.5180816667,87.3113533333,21:26:35,109.0
23.5181766667,87.3113383333,21:26:36,108.9
23.5182733333,87.3113233333,21:26:37,108.9
23.5183716667,87.311305,21:26:38,108.9
23.51847,87.311285,21:26:39,108.8
23.5185716667,87.3112666667,21:26:40,108.8
23.518675,87.3112466667,21:26:41,108.8
23.5187766667,87.3112266667,21:26:42,108.7
23.51888,87.3112033333,21:26:43,108.6
23.5189766667,87.3111783333,21:26:44,108.4
23.51907,87.311155,21:26:45,108.5
23.519155,87.3111333333,21:26:46,108.6
23.5192283333,87.3111166667,21:26:47,109.3
23.5192916667,87.3111033333,21:26:48,109.6
23.5193383333,87.311085,21:26:49,109.7
23.5193733333,87.3110733333,21:26:50,109.3
23.5193933333,87.3110716667,21:26:51,109.3
23.5194016667,87.3110716667,21:26:52,109.2
23.5194016667,87.3110716667,21:26:53,109.0
23.5194,87.3110716667,21:26:54,108.8
23.5194066667,87.31107,21:26:55,108.5
23.5194233333,87.31107,21:26:56,108.3
23.5194516667,87.3110633333,21:26:57,108.0
23.5194883333,87.3110566667,21:26:58,107.7
23.5195283333,87.3110516667,21:26:59,107.6
23.51957,87.31105,21:27:00,107.5
23.5196183333,87.3110566667,21:27:01,107.4
23.51967,87.3110683333,21:27:02,107.5
23.5197283333,87.311085,21:27:03,107.4
23.5197933333,87.3111083333,21:27:04,107.4
23.5198616667,87.3111316667,21:27:05,107.6
23.5199316667,87.3111533333,21:27:06,107.7
23.5200066667,87.31117,21:27:07,107.8
23.5200866667,87.3111866667,21:27:08,107.8
23.5201683333,87.3112066667,21:27:09,107.8
23.520255,87.3112266667,21:27:10,107.8
23.5203466667,87.31125,21:27:11,107.8
23.5204416667,87.3112716667,21:27:12,107.6
23.5205433333,87.3112916667,21:27:13,107.5
23.5206483333,87.3113116667,21:27:14,107.3
23.5207583333,87.3113283333,21:27:15,107.2
23.520875,87.31134,21:27:16,107.2
23.520995,87.3113566667,21:27:17,107.1
23.5211166667,87.311375,21:27:18,107.0
23.52124,87.3113983333,21:27:19,107.0
23.521365,87.3114266667,21:27:20,106.9
23.5214933333,87.3114516667,21:27:21,106.8
23.521625,87.31147,21:27:22,106.5
23.5217616667,87.3114866667,21:27:23,106.6
23.5219,87.3115066667,21:27:24,106.6
23.52204,87.311525,21:27:25,106.6
23.5221833333,87.3115416667,21:27:26,106.7
23.52233,87.3115616667,21:27:27,106.7
23.5224766667,87.3115816667,21:27:28,106.5
23.5226216667,87.3115966667,21:27:29,106.5
23.5227633333,87.3116033333,21:27:30,106.4
23.522905,87.3116016667,21:27:31,106.4
23.523045,87.3115916667,21:27:32,106.5
23.5231833333,87.311575,21:27:33,106.6
23.523325,87.3115483333,21:27:34,106.7
23.523465,87.31152,21:27:35,106.9
23.5236066667,87.3114883333,21:27:36,106.9
23.5237516667,87.3114566667,21:27:37,106.9
23.5238966667,87.3114266667,21:27:38,106.8
23.5240416667,87.311395,21:27:39,106.9
23.524185,87.3113633333,21:27:40,106.9
23.524325,87.3113333333,21:27:41,106.9
23.5244616667,87.3113033333,21:27:42,107.0
23.52459,87.3112766667,21:27:43,107.2
23.5247116667,87.31125,21:27:44,107.3
23.5248283333,87.3112233333,21:27:45,107.6
23.5249416667,87.3112033333,21:27:46,107.7
23.5250533333,87.311185,21:27:47,107.7
23.52516,87.3111666667,21:27:48,107.6
23.5252666667,87.3111483333,21:27:49,107.5
23.525375,87.3111316667,21:27:50,107.4
23.5254883333,87.3111166667,21:27:51,107.4
23.5256066667,87.3111066667,21:27:52,107.2
23.5257283333,87.3110966667,21:27:53,106.9
23.5258516667,87.3110916667,21:27:54,106.5
23.525975,87.311085,21:27:55,106.1
23.5260966667,87.3110766667,21:27:56,105.8
23.526215,87.31107,21:27:57,105.5
23.52633,87.3110633333,21:27:58,105.2
23.526445,87.31106,21:27:59,105.1
23.52656,87.3110566667,21:28:00,105.0
23.526665,87.3110533333,21:28:01,105.1
23.5267566667,87.3110483333,21:28:02,105.2
23.5268316667,87.311045,21:28:03,105.1
23.5268916667,87.3110433333,21:28:04,105.2
23.5269333333,87.311045,21:28:05,105.2
23.526965,87.3110466667,21:28:06,105.2
23.527,87.3110433333,21:28:07,105.2
23.5270383333,87.3110383333,21:28:08,105.2
23.527085,87.311035,21:28:09,105.1
23.5271366667,87.3110316667,21:28:10,105.0
23.5271966667,87.3110316667,21:28:11,104.9
23.5272633333,87.311035,21:28:12,104.7
23.527335,87.3110366667,21:28:13,104.6
23.5274133333,87.3110366667,21:28:14,104.7
23.527495,87.3110366667,21:28:15,104.7
23.52758,87.3110366667,21:28:16,104.7
23.5276666667,87.31104,21:28:17,104.8
23.5277566667,87.3110466667,21:28:18,105.0
23.5278483333,87.3110533333,21:28:19,105.1
23.527945,87.3110616667,21:28:20,105.3
23.52804,87.3110683333,21:28:21,105.5
23.5281316667,87.311075,21:28:22,105.6
23.5282166667,87.3110816667,21:28:23,106.0
23.52829,87.3110816667,21:28:24,106.8
23.5283483333,87.3110783333,21:28:25,107.6
23.52839,87.3110716667,21:28:26,107.9
23.528415,87.311065,21:28:27,108.0
23.5284233333,87.31106,21:28:28,107.7
23.528425,87.3110583333,21:28:29,107.6
23.528425,87.3110566667,21:28:30,107.4
23.5284266667,87.311055,21:28:31,107.3
23.5284266667,87.311055,21:28:32,107.3
23.5284266667,87.311055,21:28:33,107.3
23.5284266667,87.311055,21:28:34,107.3
23.5284266667,87.311055,21:28:35,107.3
23.5284266667,87.311055,21:28:36,107.3
23.5284266667,87.311055,21:28:37,107.3
23.5284266667,87.311055,21:28:38,107.3
23.5284266667,87.311055,21:28:39,107.3
23.5284316667,87.3110533333,21:28:40,107.4
23.5284433333,87.3110466667,21:28:41,107.5
23.5284566667,87.3110383333,21:28:42,107.5
23.528475,87.311025,21:28:43,107.6
23.5284983333,87.311,21:28:44,107.7
23.5285233333,87.3109633333,21:28:45,107.8
23.5285483333,87.3109183333,21:28:46,107.8
23.5285716667,87.3108666667,21:28:47,107.9
23.5286016667,87.3108083333,21:28:48,108.0
23.528635,87.310745,21:28:49,108.1
23.5286783333,87.3106783333,21:28:50,108.0
23.5287316667,87.3106066667,21:28:51,108.1
23.5287883333,87.3105283333,21:28:52,108.2
23.5288516667,87.31045,21:28:53,108.0
23.5289166667,87.3103683333,21:28:54,107.9
23.5289833333,87.310285,21:28:55,107.8
23.529055,87.3101983333,21:28:56,107.7
23.5291283333,87.31011,21:28:57,107.6
23.5292066667,87.3100216667,21:28:58,107.4
23.5292866667,87.309935,21:28:59,107.2
23.5293683333,87.30985,21:29:00,107.0
23.52945,87.309765,21:29:01,106.7
23.5295316667,87.3096816667,21:29:02,106.2
23.5296166667,87.3095983333,21:29:03,105.7
23.5297033333,87.309515,21:29:04,105.2
23.52979,87.3094333333,21:29:05,104.5
23.5298783333,87.3093533333,21:29:06,103.7
23.5299683333,87.30927,21:29:07,103.5
23.5300616667,87.3091866667,21:29:08,103.6
23.5301583333,87.3091,21:29:09,104.2
23.5302566667,87.3090116667,21:29:10,104.4
23.5303533333,87.3089266667,21:29:11,104.1
23.5304516667,87.308845,21:29:12,104.1
23.5305516667,87.30876,21:29:13,104.0
23.5306516667,87.3086783333,21:29:14,103.9
23.5307516667,87.308595,21:29:15,103.6
23.5308533333,87.30851,21:29:16,103.6
23.5309566667,87.3084283333,21:29:17,103.7
23.5310616667,87.3083466667,21:29:18,103.6
23.5311666667,87.3082633333,21:29:19,104.0
23.5312716667,87.3081816667,21:29:20,104.5
23.5313766667,87.3081016667,21:29:21,105.1
23.5314833333,87.3080266667,21:29:22,105.3
23.5315883333,87.307955,21:29:23,105.5
23.5316916667,87.307885,21:29:24,105.8
23.53179,87.3078133333,21:29:25,106.2
23.5318866667,87.30774,21:29:26,106.5
23.53198,87.3076683333,21:29:27,107.0
23.5320733333,87.3076,21:29:28,107.2
23.5321633333,87.3075333333,21:29:29,107.3
23.5322516667,87.3074683333,21:29:30,107.7
23.5323416667,87.307405,21:29:31,107.9
23.5324166667,87.3073366667,21:29:32,107.9
23.5324916667,87.3072716667,21:29:33,107.9
23.5325633333,87.3072116667,21:29:34,107.7
23.5326366667,87.307155,21:29:35,107.5
23.5327,87.3071033333,21:29:36,106.9
23.5327533333,87.3070533333,21:29:37,106.7
23.5328016667,87.3070133333,21:29:38,106.0
23.5328433333,87.306975,21:29:39,105.8
23.532885,87.3069416667,21:29:40,105.4
23.5329333333,87.3069083333,21:29:41,104.8
23.532985,87.3068716667,21:29:42,104.7
23.5330366667,87.3068283333,21:29:43,104.8
23.5330916667,87.3067766667,21:29:44,104.9
23.5331433333,87.306725,21:29:45,104.7
23.53319,87.3066766667,21:29:46,104.5
23.5332283333,87.3066333333,21:29:47,104.2
23.533265,87.30659,21:29:48,104.0
23.5333016667,87.306545,21:29:49,103.8
23.5333416667,87.306495,21:29:50,103.7
23.5333816667,87.306445,21:29:51,103.6
23.5334216667,87.3063916667,21:29:52,103.6
23.5334633333,87.3063333333,21:29:53,103.5
23.5335016667,87.3062716667,21:29:54,103.3
23.5335366667,87.306205,21:29:55,103.2
23.5335733333,87.306135,21:29:56,103.2
23.5336116667,87.30606,21:29:57,103.3
23.5336516667,87.3059816667,21:29:58,103.2
23.53369,87.3059033333,21:29:59,103.1
23.5337283333,87.3058183333,21:30:00,103.0
23.53377,87.3057316667,21:30:01,102.9
23.5338133333,87.305645,21:30:02,102.9
23.5338566667,87.3055566667,21:30:03,102.9
23.5338966667,87.3054633333,21:30:04,102.9
23.5339333333,87.3053716667,21:30:05,103.0
23.5339683333,87.30528,21:30:06,103.0
23.534005,87.30519,21:30:07,102.9
23.5340416667,87.3050983333,21:30:08,102.8
23.53408,87.3050016667,21:30:09,102.7
23.534115,87.3049033333,21:30:10,102.7
23.5341583333,87.3048033333,21:30:11,101.9
23.5342,87.3046966667,21:30:12,101.3
23.5342383333,87.3045916667,21:30:13,101.1
23.5342783333,87.30448,21:30:14,101.1
23.53432,87.304365,21:30:15,100.9
23.53436,87.30425,21:30:16,100.4
23.5344016667,87.304135,21:30:17,100.2
23.53444,87.3040216667,21:30:18,99.9
23.5344766667,87.3039066667,21:30:19,99.1
23.5345116667,87.3037866667,21:30:20,98.8
23.5345433333,87.303665,21:30:21,98.9
23.5345666667,87.3035433333,21:30:22,98.8
23.5345866667,87.3034233333,21:30:23,99.0
23.5345983333,87.303305,21:30:24,98.7
23.5346016667,87.3031883333,21:30:25,98.7
23.5345966667,87.3030716667,21:30:26,98.2
23.53459,87.3029533333,21:30:27,98.5
23.5345816667,87.3028333333,21:30:28,98.6
23.534575,87.3027116667,21:30:29,98.7
23.5345666667,87.3025883333,21:30:30,98.4
23.5345616667,87.302465,21:30:31,98.5
23.534555,87.3023433333,21:30:32,98.6
23.5345483333,87.302225,21:30:33,98.5
23.5345383333,87.30211,21:30:34,98.4
23.534525,87.3019933333,21:30:35,97.9
23.5345083333,87.3018783333,21:30:36,97.6
23.5344933333,87.3017683333,21:30:37,97.4
23.5344783333,87.30166,21:30:38,96.5
23.5344666667,87.3015516667,21:30:39,95.9
23.534455,87.30144,21:30:40,95.6
23.5344433333,87.30133,21:30:41,95.2
23.5344333333,87.30122,21:30:42,94.7
23.5344283333,87.3011066667,21:30:43,94.2
23.5344266667,87.3009933333,21:30:44,94.1
23.53443,87.3008816667,21:30:45,93.3
23.5344383333,87.3007683333,21:30:46,92.6
23.534455,87.3006566667,21:30:47,92.4
23.53448,87.3005466667,21:30:48,92.1
23.5345116667,87.3004433333,21:30:49,91.8
23.5345466667,87.3003466667,21:30:50,91.8
23.5345866667,87.3002583333,21:30:51,91.6
23.5346316667,87.3001716667,21:30:52,91.2
23.5346766667,87.3000816667,21:30:53,91.1
23.5347233333,87.2999866667,21:30:54,91.1
23.5347666667,87.29989,21:30:55,90.8
23.53481,87.2997883333,21:30:56,90.6
23.5348516667,87.299685,21:30:57,90.1
23.53489,87.299575,21:30:58,90.0
23.534925,87.2994616667,21:30:59,90.4
23.53496,87.2993466667,21:31:00,90.2
23.5349933333,87.2992333333,21:31:01,90.3
23.5350216667,87.2991216667,21:31:02,89.8
23.5350516667,87.2990133333,21:31:03,89.4
23.53508,87.2989083333,21:31:04,89.2
23.535105,87.2988116667,21:31:05,88.8
23.535125,87.2987233333,21:31:06,88.3
23.5351433333,87.2986383333,21:31:07,87.7
23.5351583333,87.298555,21:31:08,87.8
23.5351616667,87.298475,21:31:09,87.4
23.5351583333,87.2983883333,21:31:10,87.2
23.53515,87.298305,21:31:11,87.4
23.53514,87.29823,21:31:12,87.7
23.5351333333,87.29816,21:31:13,88.2
23.53513,87.298085,21:31:14,88.5
23.5351283333,87.29801,21:31:15,88.4
23.5351283333,87.297935,21:31:16,88.3
23.535135,87.2978583333,21:31:17,88.0
23.53514,87.29779,21:31:18,87.4
23.5351416667,87.29773,21:31:19,87.3
23.5351433333,87.2976816667,21:31:20,86.7
23.535145,87.2976366667,21:31:21,86.3
23.535145,87.2976016667,21:31:22,86.3
23.5351466667,87.2975733333,21:31:23,85.1
23.5351483333,87.29755,21:31:24,84.3
23.535155,87.2975283333,21:31:25,84.5
23.535155,87.2975083333,21:31:26,84.4
23.5351566667,87.2974816667,21:31:27,84.2
23.5351583333,87.2974466667,21:31:28,84.0
23.53516,87.29741,21:31:29,83.7
23.5351633333,87.2973716667,21:31:30,83.7
23.5351683333,87.2973266667,21:31:31,83.4
23.53518,87.2972766667,21:31:32,83.1
23.535195,87.2972233333,21:31:33,82.9
23.5352216667,87.297165,21:31:34,82.7
23.535255,87.2971016667,21:31:35,82.6
23.5352933333,87.297035,21:31:36,82.7
23.5353333333,87.2969616667,21:31:37,82.7
23.5353733333,87.296885,21:31:38,82.6
23.5354133333,87.2968083333,21:31:39,82.3
23.5354533333,87.29673,21:31:40,82.1
23.5354866667,87.2966583333,21:31:41,82.4
23.5355166667,87.296595,21:31:42,82.3
23.5355333333,87.2965516667,21:31:43,81.5
23.53555,87.29652,21:31:44,81.4
23.5355616667,87.2965,21:31:45,81.3
23.535575,87.2964833333,21:31:46,81.0
23.535585,87.29646,21:31:47,80.4
23.5356016667,87.296425,21:31:48,79.7
23.53562,87.29638,21:31:49,79.3
23.5356383333,87.29633,21:31:50,78.8
23.5356583333,87.2962733333,21:31:51,78.2
23.5356883333,87.2962166667,21:31:52,77.4
23.5357183333,87.2961566667,21:31:53,76.7
23.5357466667,87.2960933333,21:31:54,76.3
23.53577,87.2960366667,21:31:55,75.7
23.5357933333,87.29599,21:31:56,75.3
23.5358116667,87.2959483333,21:31:57,75.5
23.5358316667,87.2959166667,21:31:58,75.1
23.5358483333,87.2958966667,21:31:59,74.1
23.5358616667,87.29588,21:32:00,74.2
23.5358716667,87.295865,21:32:01,73.7
23.53588,87.2958516667,21:32:02,73.2
23.5358883333,87.29584,21:32:03,73.0
23.5358933333,87.2958316667,21:32:04,72.7
23.5358966667,87.2958266667,21:32:05,73.0
23.535905,87.295825,21:32:06,73.8
23.53591,87.2958233333,21:32:07,74.5
23.5359116667,87.2958233333,21:32:08,74.4
23.5359116667,87.2958233333,21:32:09,74.3
23.5359116667,87.2958233333,21:32:10,74.3
23.5359116667,87.2958233333,21:32:11,74.3
23.5359116667,87.2958233333,21:32:12,74.3
23.5359116667,87.2958233333,21:32:13,74.3
23.5359116667,87.2958233333,21:32:14,74.3
23.5359116667,87.2958233333,21:32:15,74.3
23.5359116667,87.2958233333,21:32:16,74.3
23.535915,87.2958183333,21:32:17,74.3
23.535915,87.2958183333,21:32:18,74.3
23.535925,87.295805,21:32:19,74.3
23.5359466667,87.29578,21:32:20,74.3
23.5359733333,87.2957583333,21:32:21,74.3
23.5360016667,87.295745,21:32:22,74.5
23.53603,87.2957383333,21:32:23,74.7
23.5360633333,87.2957483333,21:32:24,75.0
23.5361083333,87.2957716667,21:32:25,75.5
23.5361516667,87.2958,21:32:26,76.1
23.5362,87.295835,21:32:27,76.7
23.5362433333,87.295865,21:32:28,77.1
23.5362883333,87.295895,21:32:29,77.8
23.5363316667,87.2959233333,21:32:30,78.2
23.53638,87.295955,21:32:31,78.3
23.5364316667,87.2959916667,21:32:32,78.4
23.5364883333,87.29603,21:32:33,78.7
23.5365466667,87.29607,21:32:34,79.5
23.5366083333,87.2961116667,21:32:35,80.2
23.5366666667,87.2961533333,21:32:36,80.9
23.536725,87.2961916667,21:32:37,81.6
23.536785,87.2962283333,21:32:38,82.3
23.5368466667,87.2962633333,21:32:39,82.9
23.5369083333,87.2962983333,21:32:40,83.3
23.5369666667,87.296335,21:32:41,83.7
23.537025,87.2963766667,21:32:42,83.9
23.537085,87.2964183333,21:32:43,84.3
23.5371466667,87.2964583333,21:32:44,84.7
23.5372066667,87.2964933333,21:32:45,85.3
23.5372633333,87.296525,21:32:46,85.5
23.5373133333,87.2965533333,21:32:47,86.3
23.5373616667,87.2965766667,21:32:48,87.0
23.5374066667,87.2965983333,21:32:49,87.1
23.5374466667,87.2966183333,21:32:50,87.2
23.5374783333,87.2966366667,21:32:51,87.4
23.5374966667,87.2966533333,21:32:52,88.1
23.5375066667,87.2966583333,21:32:53,88.6
23.5375083333,87.29666,21:32:54,88.8
23.5375033333,87.2966616667,21:32:55,88.6
23.5375,87.29666,21:32:56,88.4
23.5375016667,87.2966583333,21:32:57,88.5
23.5375016667,87.2966583333,21:32:58,88.4
23.5375016667,87.2966583333,21:32:59,88.4
23.5375016667,87.2966583333,21:33:00,88.4
23.5375016667,87.2966583333,21:33:01,88.4
23.5375016667,87.2966583333,21:33:02,88.4
23.5375016667,87.2966583333,21:33:03,88.4
23.5375016667,87.2966583333,21:33:04,88.4
23.5375016667,87.2966583333,21:33:05,88.4
23.5375066667,87.2966616667,21:33:06,88.4
23.5375066667,87.2966616667,21:33:07,88.4
23.5375066667,87.2966616667,21:33:08,88.4
23.5375066667,87.2966616667,21:33:09,88.4
23.5375066667,87.2966616667,21:33:10,88.4
23.5375066667,87.2966616667,21:33:11,88.4
23.5375066667,87.2966616667,21:33:12,88.4
23.5375066667,87.2966616667,21:33:13,88.4
23.5375116667,87.2966666667,21:33:14,88.4
23.5375266667,87.2966766667,21:33:15,88.6
23.5375483333,87.296695,21:33:16,88.7
23.5375716667,87.2967133333,21:33:17,88.8
23.5376,87.2967266667,21:33:18,89.0
23.5376283333,87.2967366667,21:33:19,89.0
23.537655,87.2967483333,21:33:20,89.1
23.5376733333,87.29676,21:33:21,89.3
23.53769,87.29678,21:33:22,89.4
23.537705,87.2968,21:33:23,89.4
23.5377116667,87.2968216667,21:33:24,89.4
23.5377133333,87.29685,21:33:25,89.4
23.5377033333,87.2968816667,21:33:26,89.5
23.53769,87.2969116667,21:33:27,89.2
23.537675,87.2969516667,21:33:28,89.1
23.5376583333,87.2969933333,21:33:29,89.0
23.53764,87.297035,21:33:30,89.2
23.5376266667,87.2970783333,21:33:31,89.3
23.537615,87.2971166667,21:33:32,89.4
23.5376033333,87.2971533333,21:33:33,89.5
23.537595,87.29719,21:33:34,89.5
23.5375933333,87.2972333333,21:33:35,90.1
23.5376,87.29728,21:33:36,90.7
23.5376183333,87.2973266667,21:33:37,91.4
23.5376483333,87.2973616667,21:33:38,91.6
23.5376766667,87.2973933333,21:33:39,92.4
23.53771,87.2974216667,21:33:40,93.2
23.5377466667,87.297445,21:33:41,93.8
23.537785,87.29747,21:33:42,94.6
23.537825,87.29749,21:33:43,95.6
23.5378683333,87.297515,21:33:44,95.9
23.5379116667,87.2975416667,21:33:45,96.0
23.537955,87.2975683333,21:33:46,96.0
23.5379966667,87.2975916667,21:33:47,96.1
23.5380333333,87.2976183333,21:33:48,96.2
23.5380683333,87.29764,21:33:49,96.2
23.5381,87.29766,21:33:50,96.4
23.53813,87.2976833333,21:33:51,96.7
23.538165,87.2977116667,21:33:52,97.1
23.5382083333,87.297755,21:33:53,97.7
23.538255,87.2977883333,21:33:54,98.0
23.5383016667,87.2978183333,21:33:55,97.9
23.5383433333,87.29785,21:33:56,97.9
23.538385,87.2978766667,21:33:57,98.0
23.5384233333,87.297905,21:33:58,97.8
23.5384583333,87.2979366667,21:33:59,97.7
23.538495,87.297965,21:34:00,97.6
23.5385366667,87.2979966667,21:34:01,97.7
23.538585,87.2980283333,21:34:02,97.5
23.5386366667,87.29806,21:34:03,97.3
23.5386883333,87.2980916667,21:34:04,97.7
23.5387383333,87.29812,21:34:05,97.7
23.538785,87.2981433333,21:34:06,97.7
23.5388216667,87.2981683333,21:34:07,97.6
23.5388516667,87.2981883333,21:34:08,97.6
23.5388716667,87.298205,21:34:09,97.7
23.5388883333,87.2982166667,21:34:10,97.7
23.5389033333,87.2982283333,21:34:11,97.6
23.53892,87.2982416667,21:34:12,97.6
23.5389383333,87.2982533333,21:34:13,97.6
23.5389566667,87.2982666667,21:34:14,97.6
23.5389733333,87.29828,21:34:15,97.6
23.5389966667,87.2982983333,21:34:16,97.7
23.5390266667,87.2983216667,21:34:17,97.7
23.5390616667,87.2983466667,21:34:18,97.6
23.5390983333,87.298375,21:34:19,97.6
23.5391416667,87.2984066667,21:34:20,97.5
23.5391916667,87.2984383333,21:34:21,97.5
23.5392466667,87.2984733333,21:34:22,97.1
23.539305,87.2985116667,21:34:23,97.0
23.5393683333,87.2985533333,21:34:24,96.7
23.5394383333,87.298595,21:34:25,96.9
23.53951,87.2986416667,21:34:26,96.8
23.5395816667,87.2986833333,21:34:27,96.8
23.5396566667,87.2987266667,21:34:28,96.7
23.5397333333,87.2987683333,21:34:29,96.8
23.5398033333,87.29881,21:34:30,96.2
23.5398683333,87.2988516667,21:34:31,95.8
23.539925,87.29889,21:34:32,95.4
23.539975,87.2989216667,21:34:33,94.9
23.54002,87.2989533333,21:34:34,94.8
23.5400633333,87.2989833333,21:34:35,94.9
23.540105,87.2990116667,21:34:36,94.9
23.5401466667,87.2990366667,21:34:37,94.9
23.5401833333,87.299055,21:34:38,95.0
23.54021,87.2990733333,21:34:39,95.0
23.5402233333,87.2990866667,21:34:40,94.9
23.5402283333,87.2990916667,21:34:41,94.5
23.5402266667,87.299095,21:34:42,94.4
23.540225,87.2990966667,21:34:43,94.1
23.5402233333,87.2990966667,21:34:44,93.8
23.5402233333,87.2990966667,21:34:45,93.8
23.5402233333,87.2990983333,21:34:46,93.7
23.5402366667,87.2991083333,21:34:47,93.8
23.540255,87.2991233333,21:34:48,93.8
23.5402766667,87.2991383333,21:34:49,94.0
23.5402966667,87.2991533333,21:34:50,94.1
23.5403133333,87.299165,21:34:51,94.4
23.5403283333,87.2991733333,21:34:52,94.8
23.5403433333,87.2991866667,21:34:53,94.8
23.5403583333,87.2991983333,21:34:54,94.9
23.5403816667,87.299215,21:34:55,95.0
23.5404066667,87.2992316667,21:34:56,95.0
23.540435,87.2992533333,21:34:57,95.0
23.5404683333,87.2992716667,21:34:58,95.1
23.5405,87.29929,21:34:59,95.3
23.5405283333,87.2993066667,21:35:00,95.6
23.5405566667,87.29932,21:35:01,95.8
23.5405916667,87.299335,21:35:02,95.9
23.5406333333,87.2993566667,21:35:03,96.2
23.5406783333,87.2993816667,21:35:04,96.2
23.5407266667,87.2994116667,21:35:05,96.4
23.54078,87.2994416667,21:35:06,96.2
23.5408366667,87.2994783333,21:35:07,96.1
23.5408916667,87.299515,21:35:08,96.2
23.5409483333,87.299555,21:35:09,96.3
23.541005,87.2995933333,21:35:10,96.4
23.541065,87.2996316667,21:35:11,96.6
23.5411233333,87.2996733333,21:35:12,96.8
23.5411866667,87.299715,21:35:13,97.0
23.5412516667,87.2997583333,21:35:14,97.1
23.54132,87.2998016667,21:35:15,97.1
23.5413833333,87.2998466667,21:35:16,97.2
23.5414483333,87.2998916667,21:35:17,97.4
23.5415116667,87.2999333333,21:35:18,97.5
23.541575,87.2999766667,21:35:19,97.7
23.5416416667,87.3000183333,21:35:20,97.8
23.541715,87.3000633333,21:35:21,97.9
23.54179,87.300115,21:35:22,98.0
23.5418666667,87.3001666667,21:35:23,98.1
23.5419433333,87.30022,21:35:24,98.1
23.5420233333,87.3002733333,21:35:25,98.2
23.5421016667,87.3003283333,21:35:26,98.3
23.54218,87.300385,21:35:27,98.3
23.5422566667,87.3004383333,21:35:28,98.3
23.5423316667,87.30049,21:35:29,98.3
23.5424033333,87.3005383333,21:35:30,98.7
23.5424733333,87.30059,21:35:31,98.8
23.5425433333,87.3006366667,21:35:32,98.6
23.5426116667,87.3006833333,21:35:33,98.6
23.5426766667,87.300725,21:35:34,98.4
23.54274,87.3007683333,21:35:35,98.2
23.5427966667,87.300805,21:35:36,98.1
23.5428433333,87.3008316667,21:35:37,97.9
23.542875,87.3008516667,21:35:38,97.9
23.5428933333,87.3008633333,21:35:39,97.8
23.5429,87.300865,21:35:40,97.7
23.5429,87.3008633333,21:35:41,97.7
23.5428983333,87.3008616667,21:35:42,97.7
23.5429016667,87.300865,21:35:43,97.6
23.5429133333,87.300875,21:35:44,97.6
23.5429366667,87.3008916667,21:35:45,97.5
23.54297,87.300915,21:35:46,97.5
23.5430066667,87.3009416667,21:35:47,97.6
23.54305,87.3009683333,21:35:48,97.5
23.5431016667,87.3010033333,21:35:49,97.4
23.54316,87.30104,21:35:50,97.3
23.543225,87.3010833333,21:35:51,97.1
23.5432933333,87.30113,21:35:52,96.9
23.5433633333,87.3011783333,21:35:53,96.8
23.5434366667,87.3012266667,21:35:54,96.5
23.543515,87.30128,21:35:55,96.4
23.5435966667,87.3013383333,21:35:56,96.3
23.54368,87.3013966667,21:35:57,96.2
23.5437616667,87.3014566667,21:35:58,96.2
23.54385,87.3015083333,21:35:59,96.0
23.5439383333,87.3015633333,21:36:00,96.2
23.5440183333,87.3016233333,21:36:01,96.8
23.5441,87.3016833333,21:36:02,96.8
23.5441783333,87.30174,21:36:03,96.8
23.5442516667,87.3017966667,21:36:04,96.9
23.5443233333,87.3018516667,21:36:05,97.0
23.5443916667,87.3019016667,21:36:06,97.0
23.544455,87.3019483333,21:36:07,97.2
23.5445083333,87.3019816667,21:36:08,97.3
23.5445566667,87.3020083333,21:36:09,97.4
23.5446016667,87.3020366667,21:36:10,97.5
23.544645,87.30206,21:36:11,97.7
23.544685,87.30208,21:36:12,97.8
23.5447183333,87.3020983333,21:36:13,97.7
23.544745,87.302115,21:36:14,97.6
23.5447633333,87.302125,21:36:15,97.2
23.5447766667,87.3021316667,21:36:16,96.8
23.5447883333,87.3021383333,21:36:17,97.0
23.5448,87.3021516667,21:36:18,96.9
23.5448083333,87.3021733333,21:36:19,96.6
23.5448083333,87.3022,21:36:20,96.6
23.5447983333,87.30223,21:36:21,96.5
23.5447816667,87.3022633333,21:36:22,96.5
23.5447583333,87.3023016667,21:36:23,96.4
23.54473,87.3023433333,21:36:24,96.3
23.5447033333,87.302385,21:36:25,96.2
23.5446716667,87.3024316667,21:36:26,96.2
23.5446383333,87.3024833333,21:36:27,96.2
23.5446016667,87.3025433333,21:36:28,96.2
23.5445666667,87.3026066667,21:36:29,96.1
23.544525,87.3026766667,21:36:30,96.1
23.5444833333,87.3027516667,21:36:31,95.6
23.5444383333,87.302825,21:36:32,95.2
23.5443933333,87.3029016667,21:36:33,95.2
23.5443466667,87.30298,21:36:34,94.9
23.5442966667,87.3030616667,21:36:35,94.8
23.5442466667,87.3031483333,21:36:36,94.7
23.5441933333,87.303235,21:36:37,94.5
23.54414,87.303325,21:36:38,94.6
23.5440883333,87.3034133333,21:36:39,94.7
23.5440383333,87.3035,21:36:40,94.7
23.5439816667,87.3035883333,21:36:41,94.6
23.5439283333,87.3036766667,21:36:42,94.2
23.5438716667,87.3037666667,21:36:43,94.0
23.5438183333,87.3038566667,21:36:44,94.1
23.543765,87.3039466667,21:36:45,93.9
23.5437116667,87.3040383333,21:36:46,93.7
23.543655,87.3041266667,21:36:47,93.6
23.5436033333,87.3042133333,21:36:48,93.8
23.54355,87.3043033333,21:36:49,93.5
23.5434983333,87.30439,21:36:50,93.8
23.5434466667,87.3044733333,21:36:51,94.0
23.543395,87.3045566667,21:36:52,94.2
23.543345,87.3046383333,21:36:53,94.5
23.5432966667,87.3047216667,21:36:54,94.5
23.5432483333,87.304805,21:36:55,94.7
23.5431983333,87.3048883333,21:36:56,94.9
23.5431483333,87.3049733333,21:36:57,94.8
23.5431,87.30506,21:36:58,95.1
23.5430516667,87.3051433333,21:36:59,95.0
23.543005,87.305225,21:37:00,94.9
23.54296,87.30531,21:37:01,94.9
23.5429166667,87.30539,21:37:02,94.7
23.5428733333,87.30547,21:37:03,94.6
23.5428283333,87.3055466667,21:37:04,94.4
23.5427833333,87.3056183333,21:37:05,94.3
23.5427433333,87.3056866667,21:37:06,94.1
23.542705,87.305745,21:37:07,94.1
23.54267,87.3058033333,21:37:08,93.7
23.5426383333,87.3058566667,21:37:09,93.6
23.5426083333,87.30591,21:37:10,93.4
23.542575,87.305965,21:37:11,93.5
23.542535,87.306025,21:37:12,93.2
23.5424933333,87.3060933333,21:37:13,92.8
23.54245,87.306165,21:37:14,92.5
23.5424066667,87.3062416667,21:37:15,92.4
23.5423633333,87.306315,21:37:16,92.4
23.5423233333,87.3063833333,21:37:17,92.6
23.542285,87.306445,21:37:18,92.4
23.5422516667,87.3065033333,21:37:19,92.5
23.5422283333,87.3065583333,21:37:20,92.0
23.5422116667,87.306615,21:37:21,91.5
23.542215,87.30667,21:37:22,91.6
23.54224,87.3067216667,21:37:23,91.6
23.5422766667,87.30677,21:37:24,91.9
23.542325,87.3068133333,21:37:25,92.2
23.54238,87.3068533333,21:37:26,92.3
23.5424416667,87.306895,21:37:27,92.1
23.542505,87.30694,21:37:28,92.3
23.542575,87.30699,21:37:29,92.2
23.54265,87.3070416667,21:37:30,92.5
23.5427266667,87.3070933333,21:37:31,92.9
23.5428033333,87.3071466667,21:37:32,93.1
23.5428816667,87.3072016667,21:37:33,93.0
23.5429566667,87.3072566667,21:37:34,92.9
23.5430333333,87.30731,21:37:35,93.0
23.54311,87.3073616667,21:37:36,92.8
23.543185,87.3074116667,21:37:37,92.9
23.5432583333,87.3074616667,21:37:38,92.8
23.54333,87.3075116667,21:37:39,92.8
23.5434033333,87.3075633333,21:37:40,92.8
23.54348,87.307615,21:37:41,92.6
23.543555,87.3076683333,21:37:42,92.6
23.54363,87.3077216667,21:37:43,92.4
23.5437033333,87.307775,21:37:44,92.3
23.543775,87.3078283333,21:37:45,92.2
23.543845,87.3078816667,21:37:46,92.0
23.543915,87.307935,21:37:47,91.9
23.54399,87.3079916667,21:37:48,91.8
23.54407,87.3080516667,21:37:49,91.7
23.5441533333,87.3081133333,21:37:50,91.7
23.54424,87.3081733333,21:37:51,91.7
23.5443316667,87.3082316667,21:37:52,91.8
23.544425,87.3082916667,21:37:53,91.9
23.54452,87.3083533333,21:37:54,92.0
23.544615,87.3084183333,21:37:55,91.9
23.5447116667,87.3084833333,21:37:56,92.0
23.5448066667,87.30855,21:37:57,92.0
23.5449033333,87.308615,21:37:58,92.0
23.5449983333,87.3086783333,21:37:59,91.9
23.5450916667,87.3087416667,21:38:00,91.7
23.5451816667,87.3088066667,21:38:01,91.6
23.5452716667,87.308875,21:38:02,91.6
23.5453616667,87.3089416667,21:38:03,91.5
23.5454533333,87.3090066667,21:38:04,91.5
23.545545,87.3090683333,21:38:05,91.5
23.545635,87.309125,21:38:06,91.4
23.5457233333,87.3091833333,21:38:07,91.2
23.5458083333,87.3092416667,21:38:08,91.2
23.5458933333,87.3092983333,21:38:09,91.1
23.545975,87.309355,21:38:10,91.1
23.5460516667,87.30941,21:38:11,91.0
23.546125,87.3094666667,21:38:12,91.0
23.5461983333,87.3095166667,21:38:13,90.9
23.5462716667,87.309565,21:38:14,90.9
23.5463433333,87.3096116667,21:38:15,90.9
23.5464083333,87.3096566667,21:38:16,90.8
23.5464683333,87.3097,21:38:17,90.7
23.5465183333,87.3097266667,21:38:18,90.7
23.5465583333,87.3097533333,21:38:19,90.7
23.5465883333,87.3097733333,21:38:20,90.8
23.546605,87.309785,21:38:21,90.8
23.54661,87.30979,21:38:22,90.9
23.5466083333,87.3097883333,21:38:23,91.0
23.5466083333,87.3097866667,21:38:24,91.1
23.5466066667,87.309785,21:38:25,91.2
23.5466066667,87.3097866667,21:38:26,91.2
23.5466066667,87.3097866667,21:38:27,91.2
23.5466066667,87.3097866667,21:38:28,91.2
23.5466216667,87.3098,21:38:29,91.5
23.546645,87.3098183333,21:38:30,91.7
23.5466716667,87.30984,21:38:31,91.8
23.5466983333,87.3098616667,21:38:32,91.7
23.5467333333,87.3098783333,21:38:33,91.7
23.5467766667,87.3098866667,21:38:34,91.7
23.5468216667,87.3098816667,21:38:35,91.7
23.5468683333,87.3098583333,21:38:36,91.6
23.54691,87.30982,21:38:37,91.7
23.546945,87.30977,21:38:38,91.8
23.5469766667,87.3097116667,21:38:39,91.9
23.54701,87.30965,21:38:40,91.9
23.547045,87.3095883333,21:38:41,92.0
23.5470783333,87.30953,21:38:42,92.1
23.5471133333,87.3094733333,21:38:43,92.1
23.54715,87.3094116667,21:38:44,92.2
23.54719,87.3093483333,21:38:45,92.3
23.54723,87.3092783333,21:38:46,92.3
23.5472683333,87.309205,21:38:47,92.4
23.5473133333,87.3091166667,21:38:48,92.5
23.54736,87.3090383333,21:38:49,92.5
23.5474033333,87.30896,21:38:50,92.6
23.54745,87.3088783333,21:38:51,92.7
23.5474966667,87.3087983333,21:38:52,92.7
23.547545,87.3087183333,21:38:53,92.9
23.5475833333,87.3086466667,21:38:54,93.1
23.5476183333,87.3085833333,21:38:55,93.1
23.5476466667,87.3085383333,21:38:56,93.4
23.547665,87.3085066667,21:38:57,93.5
23.5476833333,87.3084766667,21:38:58,93.7
23.5477016667,87.3084466667,21:38:59,93.5
23.5477216667,87.3084116667,21:39:00,93.3
23.5477466667,87.308375,21:39:01,93.4
23.5477716667,87.3083316667,21:39:02,93.8
23.5478,87.3082816667,21:39:03,93.9
23.5478283333,87.3082266667,21:39:04,94.1
23.5478583333,87.30817,21:39:05,94.1
23.547895,87.3081166667,21:39:06,94.5
23.5479333333,87.308065,21:39:07,94.9
23.547975,87.3080083333,21:39:08,95.1
23.5480166667,87.3079466667,21:39:09,95.4
23.5480533333,87.3078866667,21:39:10,95.5
23.5480866667,87.3078366667,21:39:11,95.7
23.5481166667,87.307795,21:39:12,95.7
23.5481433333,87.307745,21:39:13,95.7
23.54817,87.3076866667,21:39:14,95.9
23.5481916667,87.3076233333,21:39:15,96.0
23.5482083333,87.3075566667,21:39:16,96.1
23.5482166667,87.3074866667,21:39:17,96.3
23.5482166667,87.307415,21:39:18,96.6
23.5482083333,87.3073416667,21:39:19,96.6
23.5482016667,87.3072633333,21:39:20,96.7
23.5482,87.3071816667,21:39:21,97.1
23.5482033333,87.3070966667,21:39:22,97.2
23.5482066667,87.307005,21:39:23,97.2
23.5482083333,87.30691,21:39:24,97.6
23.54821,87.3068116667,21:39:25,98.0
23.5482116667,87.306715,21:39:26,98.7
23.5482116667,87.3066166667,21:39:27,98.9
23.5482133333,87.3065183333,21:39:28,99.1
23.548215,87.306415,21:39:29,99.5
23.5482166667,87.306315,21:39:30,99.3
23.5482183333,87.3062083333,21:39:31,99.5
23.54822,87.3061033333,21:39:32,99.6
23.5482233333,87.305995,21:39:33,100.2
23.548225,87.305885,21:39:34,100.6
23.5482266667,87.3057716667,21:39:35,101.0
23.5482266667,87.3056583333,21:39:36,100.9
23.5482266667,87.30554,21:39:37,101.2
23.5482283333,87.30542,21:39:38,102.0
23.54823,87.3053016667,21:39:39,102.4
23.5482333333,87.3051816667,21:39:40,102.8
23.5482416667,87.3050533333,21:39:41,102.9
23.5482466667,87.304925,21:39:42,102.9
23.5482483333,87.3047966667,21:39:43,102.9
23.54825,87.3046683333,21:39:44,103.2
23.54825,87.3045466667,21:39:45,103.3
23.5482516667,87.30443,21:39:46,103.3
23.5482533333,87.3043233333,21:39:47,103.2
23.5482516667,87.3042266667,21:39:48,103.3
23.5482483333,87.304135,21:39:49,103.3
23.5482466667,87.3040466667,21:39:50,103.4
23.5482466667,87.3039683333,21:39:51,103.5
23.5482483333,87.3038966667,21:39:52,103.5
23.5482483333,87.303825,21:39:53,103.4
23.54825,87.30376,21:39:54,103.0
23.5482516667,87.3036883333,21:39:55,102.9
23.548255,87.3036133333,21:39:56,102.6
23.54826,87.3035333333,21:39:57,102.3
23.5482616667,87.3034483333,21:39:58,101.9
23.5482616667,87.3033533333,21:39:59,101.5
23.548265,87.30325,21:40:00,101.6
23.5482683333,87.303145,21:40:01,101.3
23.54827,87.3030416667,21:40:02,100.9
23.54827,87.30294,21:40:03,100.5
23.548265,87.30285,21:40:04,100.4
23.54826,87.3027616667,21:40:05,100.0
23.5482583333,87.3026683333,21:40:06,99.5
23.5482583333,87.302575,21:40:07,99.2
23.5482566667,87.30248,21:40:08,98.9
23.5482533333,87.3023866667,21:40:09,99.1
23.5482533333,87.302295,21:40:10,98.6
23.548255,87.3022016667,21:40:11,98.2
23.5482566667,87.302105,21:40:12,97.9
23.548255,87.302,21:40:13,97.5
23.5482533333,87.30189,21:40:14,97.1
23.548255,87.3017783333,21:40:15,96.8
23.54826,87.30167,21:40:16,96.8
23.5482733333,87.3015683333,21:40:17,96.8
23.5482933333,87.3014716667,21:40:18,96.9
23.54832,87.30138,21:40:19,96.8
23.5483466667,87.30129,21:40:20,96.7
23.5483716667,87.3012,21:40:21,96.6
23.5483966667,87.301115,21:40:22,96.7
23.5484316667,87.30104,21:40:23,96.8
23.5484783333,87.3009783333,21:40:24,97.0
23.5485283333,87.30092,21:40:25,97.3
23.5485916667,87.3008716667,21:40:26,97.2
23.5486533333,87.3008116667,21:40:27,97.2
23.5487166667,87.3007483333,21:40:28,96.6
23.54878,87.3006833333,21:40:29,96.5
23.54884,87.3006166667,21:40:30,96.5
23.5488966667,87.3005483333,21:40:31,96.3
23.5489516667,87.30048,21:40:32,96.1
23.5490033333,87.3004116667,21:40:33,96.0
23.5490533333,87.3003416667,21:40:34,95.6
23.5491083333,87.3002666667,21:40:35,95.3
23.5491616667,87.3001816667,21:40:36,95.0
23.5492133333,87.30009,21:40:37,94.5
23.5492683333,87.2999916667,21:40:38,94.2
23.5493266667,87.2998916667,21:40:39,94.0
23.5493883333,87.29979,21:40:40,93.9
23.5494516667,87.2996866667,21:40:41,93.8
23.54952,87.2995783333,21:40:42,93.5
23.54959,87.2994666667,21:40:43,93.4
23.5496616667,87.2993483333,21:40:44,93.4
23.5497316667,87.2992266667,21:40:45,93.2
23.549805,87.2991016667,21:40:46,93.4
23.5498766667,87.2989766667,21:40:47,93.3
23.54995,87.2988516667,21:40:48,93.4
23.5500233333,87.2987266667,21:40:49,93.3
23.5500983333,87.2986016667,21:40:50,93.4
23.5501716667,87.2984766667,21:40:51,93.4
23.5502433333,87.29835,21:40:52,93.6
23.5503166667,87.2982233333,21:40:53,93.9
23.5503883333,87.2981,21:40:54,94.3
23.55046,87.29798,21:40:55,94.3
23.5505283333,87.2978633333,21:40:56,94.2
23.550595,87.29775,21:40:57,94.3
23.55066,87.29764,21:40:58,94.2
23.550725,87.2975333333,21:40:59,94.3
23.5507866667,87.2974266667,21:41:00,94.4
23.550845,87.2973216667,21:41:01,94.4
23.5508966667,87.2972216667,21:41:02,94.1
23.550945,87.297125,21:41:03,94.2
23.5509883333,87.2970316667,21:41:04,94.1
23.55103,87.2969416667,21:41:05,94.3
23.5510683333,87.2968566667,21:41:06,94.6
23.5511033333,87.2967783333,21:41:07,94.8
23.5511366667,87.2967066667,21:41:08,94.8
23.551165,87.29664,21:41:09,94.9
23.5511916667,87.2965783333,21:41:10,95.0
23.5512116667,87.29653,21:41:11,94.9
23.5512233333,87.2964916667,21:41:12,94.9
23.5512316667,87.29646,21:41:13,95.1
23.551235,87.296415,21:41:14,95.1
23.5512366667,87.296365,21:41:15,95.2
23.55124,87.2963116667,21:41:16,95.3
23.5512483333,87.2962566667,21:41:17,95.2
23.55127,87.296205,21:41:18,95.0
23.5513016667,87.2961616667,21:41:19,95.0
23.55134,87.2961366667,21:41:20,94.3
23.5513883333,87.2961283333,21:41:21,93.2
23.5514416667,87.2961366667,21:41:22,92.7
23.5514916667,87.2961666667,21:41:23,92.0
23.55154,87.2962166667,21:41:24,91.2
23.55159,87.2962816667,21:41:25,90.7
23.5516516667,87.296355,21:41:26,90.8
23.5517166667,87.2964283333,21:41:27,90.6
23.5517866667,87.296505,21:41:28,90.8
23.5518616667,87.2965766667,21:41:29,90.7
23.55194,87.2966416667,21:41:30,90.8
23.552025,87.2967066667,21:41:31,91.0
23.5521133333,87.2967733333,21:41:32,90.9
23.5522016667,87.29684,21:41:33,90.9
23.5522916667,87.296905,21:41:34,90.9
23.5523866667,87.2969733333,21:41:35,90.7
23.5524816667,87.2970416667,21:41:36,90.6
23.5525816667,87.2971116667,21:41:37,90.4
23.5526816667,87.2971833333,21:41:38,90.8
23.552785,87.297255,21:41:39,91.1
23.55289,87.2973266667,21:41:40,91.6
23.552995,87.2974,21:41:41,91.8
23.5531016667,87.2974733333,21:41:42,92.3
23.5532066667,87.2975466667,21:41:43,92.6
23.55331,87.2976216667,21:41:44,93.1
23.553415,87.2976966667,21:41:45,93.3
23.55352,87.29777,21:41:46,93.6
23.5536266667,87.297845,21:41:47,93.9
23.5537316667,87.2979166667,21:41:48,94.3
23.5538333333,87.2979883333,21:41:49,94.6
23.553935,87.29806,21:41:50,94.9
23.554035,87.29813,21:41:51,95.2
23.554135,87.2982,21:41:52,95.5
23.554235,87.2982683333,21:41:53,95.8
23.5543366667,87.2983316667,21:41:54,96.1
23.5544416667,87.2983833333,21:41:55,96.5
23.55455,87.2984233333,21:41:56,97.1
23.55466,87.298445,21:41:57,97.7
23.5547666667,87.2984583333,21:41:58,98.0
23.5548716667,87.29847,21:41:59,97.9
23.5549716667,87.29848,21:42:00,97.9
23.5550666667,87.2984883333,21:42:01,97.9
23.555155,87.2984933333,21:42:02,97.6
23.555235,87.2985033333,21:42:03,97.6
23.5553033333,87.298515,21:42:04,97.4
23.5553666667,87.2985266667,21:42:05,97.3
23.5554316667,87.298545,21:42:06,97.4
23.5555,87.2985616667,21:42:07,97.5
23.5555766667,87.2985766667,21:42:08,97.5
23.5556533333,87.2985933333,21:42:09,97.6
23.5557366667,87.29861,21:42:10,97.7
23.5558233333,87.2986233333,21:42:11,97.7
23.5559133333,87.2986333333,21:42:12,97.7
23.5560066667,87.298645,21:42:13,97.8
23.5561033333,87.29865,21:42:14,97.7
23.5562033333,87.2986516667,21:42:15,97.6
23.556305,87.298655,21:42:16,97.8
23.55641,87.298655,21:42:17,97.8
23.5565183333,87.298655,21:42:18,97.8
23.55663,87.2986533333,21:42:19,97.8
23.5567416667,87.2986533333,21:42:20,98.0
23.5568533333,87.2986533333,21:42:21,98.1
23.5569666667,87.298655,21:42:22,98.2
23.5570816667,87.2986583333,21:42:23,98.3
23.5571983333,87.29866,21:42:24,98.7
23.557315,87.29866,21:42:25,98.9
23.5574333333,87.2986616667,21:42:26,99.1
23.5575533333,87.2986616667,21:42:27,99.4
23.557675,87.298665,21:42:28,99.7
23.5577966667,87.2986666667,21:42:29,99.9
23.5579216667,87.2986666667,21:42:30,99.6
23.558045,87.2986683333,21:42:31,99.3
23.558165,87.2986666667,21:42:32,99.1
23.5582816667,87.298665,21:42:33,99.2
23.5583966667,87.298665,21:42:34,99.1
23.5585083333,87.2986666667,21:42:35,99.3
23.55862,87.2986666667,21:42:36,99.1
23.5587316667,87.2986666667,21:42:37,99.0
23.5588416667,87.298665,21:42:38,98.9
23.5589483333,87.298665,21:42:39,99.0
23.55905,87.2986633333,21:42:40,98.8
23.5591466667,87.2986566667,21:42:41,98.7
23.5592416667,87.2986433333,21:42:42,97.6
23.5593333333,87.2986283333,21:42:43,97.3
23.5594183333,87.298605,21:42:44,97.9
23.5595016667,87.298575,21:42:45,97.6
23.5595833333,87.2985483333,21:42:46,97.1
23.5596666667,87.2985333333,21:42:47,96.7
23.559745,87.2985366667,21:42:48,96.9
23.5598183333,87.29856,21:42:49,96.7
23.5598883333,87.298595,21:42:50,96.4
23.5599633333,87.29863,21:42:51,96.3
23.5600466667,87.2986566667,21:42:52,96.4
23.560135,87.2986666667,21:42:53,96.2
23.5602283333,87.2986683333,21:42:54,96.1
23.560325,87.2986683333,21:42:55,95.9
23.5604266667,87.2986716667,21:42:56,95.8
23.5605316667,87.298675,21:42:57,95.5
23.560635,87.2986766667,21:42:58,95.4
23.5607383333,87.2986766667,21:42:59,95.2
23.56084,87.2986766667,21:43:00,95.1
23.5609333333,87.2986766667,21:43:01,95.0
23.5610166667,87.298675,21:43:02,94.6
23.56109,87.2986683333,21:43:03,94.4
23.56116,87.29866,21:43:04,94.2
23.561225,87.29865,21:43:05,94.2
23.56129,87.29864,21:43:06,94.0
23.56136,87.2986233333,21:43:07,93.9
23.561435,87.2986083333,21:43:08,93.4
23.56151,87.298605,21:43:09,93.1
23.5615866667,87.298615,21:43:10,92.8
23.5616666667,87.2986366667,21:43:11,92.4
23.5617516667,87.2986616667,21:43:12,91.9
23.5618416667,87.2986833333,21:43:13,91.5
23.5619366667,87.2987,21:43:14,91.2
23.5620383333,87.29871,21:43:15,90.9
23.5621466667,87.2987116667,21:43:16,90.5
23.5622583333,87.2987066667,21:43:17,90.2
23.5623716667,87.2987033333,21:43:18,90.1
23.5624833333,87.2987066667,21:43:19,90.0
23.5625933333,87.2987166667,21:43:20,90.0
23.562705,87.2987316667,21:43:21,89.8
23.56282,87.2987483333,21:43:22,89.7
23.5629383333,87.2987633333,21:43:23,89.6
23.5630566667,87.2987716667,21:43:24,89.6
23.563175,87.2987766667,21:43:25,89.6
23.5632983333,87.2987783333,21:43:26,89.5
23.5634216667,87.29878,21:43:27,89.3
23.5635466667,87.29878,21:43:28,89.3
23.56367,87.2987833333,21:43:29,89.1
23.5637933333,87.2987833333,21:43:30,89.2
23.563915,87.2987816667,21:43:31,88.8
23.5640333333,87.29878,21:43:32,88.6
23.56415,87.29878,21:43:33,88.4
23.564265,87.29878,21:43:34,88.3
23.5643766667,87.2987833333,21:43:35,87.7
23.5644916667,87.298785,21:43:36,87.3
23.564605,87.298785,21:43:37,87.6
23.56472,87.298785,21:43:38,87.6
23.5648316667,87.298785,21:43:39,88.6
23.564945,87.29879,21:43:40,88.4
23.5650566667,87.2987916667,21:43:41,88.4
23.56517,87.2987916667,21:43:42,88.1
23.5652766667,87.2987933333,21:43:43,88.6
23.5653866667,87.2987966667,21:43:44,88.7
23.5654966667,87.2988033333,21:43:45,89.0
23.5656066667,87.2988033333,21:43:46,89.1
23.5657133333,87.2988033333,21:43:47,89.2
23.56582,87.2988033333,21:43:48,89.4
23.565925,87.2988033333,21:43:49,89.5
23.566025,87.2988066667,21:43:50,89.7
23.5661233333,87.2988066667,21:43:51,89.6
23.5662233333,87.2988083333,21:43:52,88.8
23.56632,87.2988116667,21:43:53,88.7
23.5664116667,87.2988166667,21:43:54,89.2
23.5664966667,87.2988233333,21:43:55,89.3
23.56658,87.29883,21:43:56,89.3
23.5666683333,87.2988366667,21:43:57,89.2
23.5667583333,87.29884,21:43:58,88.7
23.5668516667,87.2988433333,21:43:59,88.2
23.5669483333,87.2988466667,21:44:00,88.1
23.5670483333,87.2988466667,21:44:01,88.2
23.5671516667,87.298845,21:44:02,88.2
23.567255,87.2988416667,21:44:03,88.3
23.5673566667,87.2988366667,21:44:04,88.3
23.56746,87.2988283333,21:44:05,88.2
23.5675633333,87.2988166667,21:44:06,87.8
23.567665,87.2988033333,21:44:07,87.9
23.5677666667,87.29879,21:44:08,88.0
23.567865,87.298775,21:44:09,88.2
23.5679633333,87.2987566667,21:44:10,88.0
23.5680583333,87.29874,21:44:11,88.0
23.5681466667,87.298715,21:44:12,89.1
23.568235,87.29868,21:44:13,89.5
23.5683216667,87.2986383333,21:44:14,89.5
23.5684083333,87.298595,21:44:15,90.0
23.5684966667,87.29856,21:44:16,90.1
23.5685816667,87.2985366667,21:44:17,90.0
23.5686616667,87.298535,21:44:18,89.9
23.568735,87.298555,21:44:19,89.6
23.568795,87.2986,21:44:20,89.3
23.5688516667,87.2986566667,21:44:21,89.1
23.5689133333,87.2987083333,21:44:22,88.8
23.56899,87.298745,21:44:23,88.4
23.5690733333,87.2987616667,21:44:24,88.3
23.5691633333,87.2987716667,21:44:25,88.2
23.569255,87.2987816667,21:44:26,88.3
23.5693466667,87.2987966667,21:44:27,88.6
23.56943,87.2988116667,21:44:28,88.8
23.5695016667,87.2988233333,21:44:29,88.8
23.5695583333,87.29883,21:44:30,88.8
23.569595,87.2988366667,21:44:31,88.9
23.5696183333,87.29884,21:44:32,89.1
23.5696383333,87.2988416667,21:44:33,89.2
23.5696633333,87.2988466667,21:44:34,89.4
23.5696966667,87.2988516667,21:44:35,89.4
23.56974,87.2988566667,21:44:36,89.5
23.5697866667,87.29886,21:44:37,89.5
23.5698366667,87.2988616667,21:44:38,89.1
23.56989,87.2988616667,21:44:39,89.1
23.56995,87.2988616667,21:44:40,89.1
23.570015,87.298865,21:44:41,89.2
23.570085,87.2988683333,21:44:42,89.6
23.5701566667,87.29887,21:44:43,89.9
23.570225,87.2988716667,21:44:44,90.0
23.570285,87.2988683333,21:44:45,89.9
23.5703316667,87.2988666667,21:44:46,90.0
23.5703616667,87.298865,21:44:47,89.9
23.5703816667,87.2988633333,21:44:48,89.7
23.5704,87.2988633333,21:44:49,89.8
23.5704233333,87.298865,21:44:50,89.9
23.570455,87.2988716667,21:44:51,90.1
23.5704966667,87.2988733333,21:44:52,90.2
23.570545,87.2988716667,21:44:53,90.3
23.5705966667,87.29887,21:44:54,90.3
23.57065,87.2988666667,21:44:55,90.5
23.57071,87.2988616667,21:44:56,90.7
23.5707766667,87.2988616667,21:44:57,91.0
23.5708466667,87.2988633333,21:44:58,91.3
23.570925,87.2988666667,21:44:59,91.7
23.5710033333,87.2988683333,21:45:00,92.3
23.571085,87.29887,21:45:01,92.3
23.5711683333,87.2988683333,21:45:02,92.4
23.571255,87.2988666667,21:45:03,92.2
23.5713466667,87.2988666667,21:45:04,92.0
23.571445,87.2988683333,21:45:05,91.3
23.5715466667,87.2988683333,21:45:06,90.9
23.57165,87.2988716667,21:45:07,90.9
23.571755,87.298875,21:45:08,91.6
23.571865,87.2988783333,21:45:09,91.8
23.5719783333,87.298885,21:45:10,91.9
23.572095,87.2988916667,21:45:11,91.6
23.572215,87.2988933333,21:45:12,91.4
23.572335,87.2988916667,21:45:13,90.7
23.572455,87.2988866667,21:45:14,90.3
23.5725733333,87.298885,21:45:15,89.9
23.5726916667,87.2988883333,21:45:16,89.4
23.5728066667,87.2988916667,21:45:17,89.2
23.5729216667,87.2988916667,21:45:18,89.1
23.5730333333,87.298895,21:45:19,89.1
23.57314,87.2988966667,21:45:20,89.1
23.57324,87.2988983333,21:45:21,89.1
23.5733366667,87.2988966667,21:45:22,88.8
23.5734266667,87.2988933333,21:45:23,88.6
23.5735066667,87.2988816667,21:45:24,88.4
23.573575,87.2988666667,21:45:25,88.0
23.57363,87.2988516667,21:45:26,86.7
23.5736833333,87.2988383333,21:45:27,86.2
23.573735,87.2988266667,21:45:28,85.8
23.5737933333,87.29881,21:45:29,85.3
23.573855,87.2987916667,21:45:30,85.5
23.5739116667,87.298765,21:45:31,85.2
23.57397,87.29873,21:45:32,85.3
23.5740216667,87.298685,21:45:33,85.7
23.574065,87.29863,21:45:34,85.7
23.574095,87.298565,21:45:35,85.8
23.5741116667,87.29849,21:45:36,85.9
23.5741166667,87.2984083333,21:45:37,86.0
23.5741116667,87.2983233333,21:45:38,86.1
23.5741066667,87.29823,21:45:39,86.0
23.5741,87.2981316667,21:45:40,85.7
23.574095,87.298025,21:45:41,85.3
23.5740916667,87.2979116667,21:45:42,85.1
23.5740883333,87.297795,21:45:43,84.9
23.574085,87.297675,21:45:44,84.6
23.5740816667,87.29755,21:45:45,84.3
23.5740783333,87.2974183333,21:45:46,84.1
23.5740783333,87.2972883333,21:45:47,83.9
23.5740766667,87.29716,21:45:48,83.8
23.5740766667,87.2970333333,21:45:49,83.3
23.574075,87.2969083333,21:45:50,83.0
23.5740733333,87.296785,21:45:51,82.8
23.5740733333,87.2966666667,21:45:52,82.8
23.574075,87.2965533333,21:45:53,82.9
23.5740783333,87.2964483333,21:45:54,83.1
23.57408,87.2963516667,21:45:55,83.3
23.57408,87.2962616667,21:45:56,83.4
23.5740816667,87.2961766667,21:45:57,83.5
23.5740783333,87.296095,21:45:58,83.6
23.57408,87.2960133333,21:45:59,83.7
23.57408,87.29593,21:46:00,83.5
23.57408,87.2958466667,21:46:01,83.5
23.574075,87.295765,21:46:02,83.5
23.574065,87.2956866667,21:46:03,83.4
23.574045,87.29561,21:46:04,83.5
23.5740233333,87.2955366667,21:46:05,83.6
23.5740066667,87.2954666667,21:46:06,83.6
23.574,87.2953983333,21:46:07,83.6
23.574005,87.295335,21:46:08,83.6
23.5740183333,87.2952833333,21:46:09,83.9
23.5740316667,87.295245,21:46:10,84.0
23.5740416667,87.2952233333,21:46:11,83.8
23.574045,87.295215,21:46:12,83.7
23.574045,87.295215,21:46:13,83.7
23.574045,87.2952166667,21:46:14,83.6
23.574045,87.295215,21:46:15,83.5
23.5740483333,87.29521,21:46:16,83.5
23.574055,87.2951883333,21:46:17,83.5
23.574065,87.2951483333,21:46:18,83.5
23.5740716667,87.2951,21:46:19,83.6
23.5740716667,87.295045,21:46:20,83.6
23.5740716667,87.294985,21:46:21,83.7
23.5740716667,87.2949166667,21:46:22,83.5
23.5740716667,87.29484,21:46:23,83.1
23.5740716667,87.2947533333,21:46:24,83.0
23.57407,87.2946616667,21:46:25,83.0
23.5740683333,87.2945683333,21:46:26,82.8
23.5740683333,87.2944683333,21:46:27,82.6
23.57407,87.294365,21:46:28,82.2
23.5740733333,87.29426,21:46:29,81.8
23.574075,87.2941516667,21:46:30,81.3
23.574075,87.29404,21:46:31,81.0
23.5740733333,87.2939266667,21:46:32,80.7
23.5740766667,87.2938183333,21:46:33,81.5
23.5740783333,87.2937166667,21:46:34,81.5
23.57408,87.293625,21:46:35,81.4
23.5740816667,87.2935383333,21:46:36,81.7
23.5740833333,87.29346,21:46:37,81.8
23.5740816667,87.293385,21:46:38,81.7
23.57408,87.293305,21:46:39,81.5
23.57408,87.2932216667,21:46:40,81.6
23.5740833333,87.2931383333,21:46:41,81.3
23.574085,87.293055,21:46:42,81.4
23.5740883333,87.2929716667,21:46:43,81.5
23.5740883333,87.29289,21:46:44,81.3
23.5740866667,87.2928116667,21:46:45,81.5
23.574085,87.2927316667,21:46:46,81.5
23.5740833333,87.2926466667,21:46:47,81.2
23.5740833333,87.2925583333,21:46:48,81.1
23.5740833333,87.2924666667,21:46:49,81.1
23.5740833333,87.29237,21:46:50,80.9
23.5740833333,87.2922683333,21:46:51,80.7
23.5740833333,87.292165,21:46:52,80.7
23.5740833333,87.29206,21:46:53,80.8
23.5740816667,87.291955,21:46:54,80.7
23.5740833333,87.291855,21:46:55,80.7
23.5740866667,87.2917616667,21:46:56,80.7
23.5740883333,87.29168,21:46:57,81.0
23.5740933333,87.2916083333,21:46:58,81.1
23.5741016667,87.29155,21:46:59,81.1
23.5741216667,87.291505,21:47:00,81.8
23.5741516667,87.2914666667,21:47:01,81.2
23.5741916667,87.2914366667,21:47:02,81.2
23.5742433333,87.29142,21:47:03,80.4
23.574305,87.291415,21:47:04,80.0
23.5743766667,87.291415,21:47:05,79.8
23.5744583333,87.2914166667,21:47:06,79.9
23.5745433333,87.2914183333,21:47:07,80.3
23.5746366667,87.2914216667,21:47:08,80.4
23.574725,87.2914233333,21:47:09,80.4
23.5748116667,87.2914283333,21:47:10,81.2
23.5749,87.2914316667,21:47:11,81.3
23.57499,87.291435,21:47:12,81.5
23.5750733333,87.2914366667,21:47:13,82.0
23.5751533333,87.29144,21:47:14,82.3
23.5752366667,87.291445,21:47:15,82.0
23.5753266667,87.291455,21:47:16,80.7
23.57542,87.2914633333,21:47:17,80.7
23.5755083333,87.2914683333,21:47:18,80.3
23.5755933333,87.2914633333,21:47:19,80.0
23.5756733333,87.29146,21:47:20,79.6
23.5757483333,87.2914633333,21:47:21,79.9
23.5758233333,87.2914766667,21:47:22,79.3
23.5759016667,87.2914866667,21:47:23,79.1
23.575985,87.291485,21:47:24,78.8
23.5760683333,87.2914766667,21:47:25,78.7
23.576155,87.29147,21:47:26,79.1
23.5762466667,87.2914683333,21:47:27,79.9
23.57634,87.2914683333,21:47:28,80.3
23.576435,87.29147,21:47:29,80.7
23.57653,87.291475,21:47:30,80.9
23.5766233333,87.2914783333,21:47:31,81.3
23.576715,87.2914816667,21:47:32,81.5
23.5768033333,87.2914883333,21:47:33,82.0
23.5768883333,87.2914966667,21:47:34,82.2
23.57697,87.2915016667,21:47:35,82.8
23.5770483333,87.2915016667,21:47:36,83.0
23.57713,87.2915033333,21:47:37,83.2
23.5772116667,87.2915033333,21:47:38,83.3
23.5772983333,87.2915016667,21:47:39,83.3
23.5773833333,87.2914966667,21:47:40,84.1
23.5774683333,87.2914933333,21:47:41,84.2
23.5775516667,87.291495,21:47:42,84.2
23.577635,87.2914983333,21:47:43,84.1
23.57772,87.2915,21:47:44,84.0
23.5778033333,87.2915033333,21:47:45,84.4
23.5778883333,87.2915066667,21:47:46,84.4
23.5779716667,87.2915116667,21:47:47,84.8
23.5780566667,87.2915133333,21:47:48,84.9
23.5781416667,87.2915166667,21:47:49,85.2
23.5782266667,87.2915166667,21:47:50,85.6
23.5783083333,87.29152,21:47:51,86.0
23.5783883333,87.2915233333,21:47:52,86.4
23.57847,87.2915266667,21:47:53,86.7
23.5785516667,87.2915283333,21:47:54,86.9
23.5786316667,87.2915266667,21:47:55,86.8
23.57871,87.2915266667,21:47:56,86.8
23.578785,87.2915216667,21:47:57,86.6
23.57886,87.2915183333,21:47:58,86.2
23.5789366667,87.2915183333,21:47:59,86.0
23.5790133333,87.29152,21:48:00,86.3
23.5790916667,87.2915233333,21:48:01,86.3
23.5791683333,87.2915266667,21:48:02,86.4
23.57924,87.2915316667,21:48:03,86.4
23.579305,87.2915333333,21:48:04,86.6
23.579365,87.2915316667,21:48:05,86.4
23.57942,87.2915216667,21:48:06,86.7
23.5794716667,87.2914966667,21:48:07,86.7
23.5795183333,87.2914583333,21:48:08,87.0
23.5795633333,87.2914133333,21:48:09,86.9
23.5796083333,87.2913633333,21:48:10,86.9
23.5796516667,87.2913083333,21:48:11,86.9
23.5796916667,87.2912416667,21:48:12,86.8
23.5797216667,87.2911683333,21:48:13,87.0
23.57974,87.2910883333,21:48:14,87.1
23.579745,87.2910033333,21:48:15,87.2
23.5797433333,87.290915,21:48:16,87.2
23.5797416667,87.2908233333,21:48:17,87.3
23.57974,87.2907316667,21:48:18,87.4
23.5797366667,87.2906416667,21:48:19,87.6
23.579735,87.29055,21:48:20,87.7
23.5797316667,87.29046,21:48:21,87.9
23.5797316667,87.2903716667,21:48:22,88.1
23.57973,87.290285,21:48:23,88.3
23.5797283333,87.2902016667,21:48:24,88.6
23.579725,87.2901216667,21:48:25,88.7
23.5797216667,87.2900366667,21:48:26,88.8
23.5797216667,87.2899516667,21:48:27,89.1
23.5797233333,87.2898666667,21:48:28,89.5
23.579725,87.289785,21:48:29,90.0
23.579725,87.289705,21:48:30,90.3
23.5797233333,87.2896216667,21:48:31,90.4
23.579725,87.28954,21:48:32,90.6
23.579725,87.2894583333,21:48:33,90.6
23.579725,87.2893783333,21:48:34,90.7
23.579725,87.2892983333,21:48:35,91.0
23.5797266667,87.2892216667,21:48:36,91.1
23.5797266667,87.289145,21:48:37,91.0
23.5797283333,87.2890666667,21:48:38,90.8
23.57973,87.2889866667,21:48:39,90.8
23.5797316667,87.288905,21:48:40,91.1
23.5797316667,87.28882,21:48:41,91.2
23.5797366667,87.2887333333,21:48:42,91.2
23.5797433333,87.28864,21:48:43,91.2
23.57975,87.2885416667,21:48:44,91.3
23.5797533333,87.28844,21:48:45,91.6
23.579755,87.2883366667,21:48:46,92.2
23.5797566667,87.2882283333,21:48:47,92.4
23.5797566667,87.28812,21:48:48,92.5
23.5797533333,87.2880133333,21:48:49,92.6
23.5797516667,87.2879116667,21:48:50,93.0
23.579745,87.2878183333,21:48:51,93.4
23.5797333333,87.2877333333,21:48:52,93.7
23.5797133333,87.287655,21:48:53,93.8
23.579685,87.2875866667,21:48:54,94.2
23.5796566667,87.2875283333,21:48:55,94.6
23.579635,87.287475,21:48:56,94.9
23.5796233333,87.2874316667,21:48:57,95.0
23.5796216667,87.2873916667,21:48:58,94.9
23.5796266667,87.2873566667,21:48:59,94.8
23.5796383333,87.2873266667,21:49:00,94.7
23.5796566667,87.2872966667,21:49:01,94.6
23.5796816667,87.2872633333,21:49:02,94.5
23.5797066667,87.2872266667,21:49:03,94.5
23.5797283333,87.2871833333,21:49:04,94.5
23.5797466667,87.2871383333,21:49:05,94.5
23.5797566667,87.2870966667,21:49:06,94.5
23.5797566667,87.2870566667,21:49:07,94.6
23.5797566667,87.287015,21:49:08,94.6
23.5797533333,87.28697,21:49:09,94.5
23.5797533333,87.2869266667,21:49:10,94.1
23.579755,87.286885,21:49:11,94.2
23.579755,87.2868466667,21:49:12,93.9
23.579755,87.2868116667,21:49:13,93.7
23.5797583333,87.28678,21:49:14,93.9
23.57976,87.2867466667,21:49:15,93.9
23.5797616667,87.2867116667,21:49:16,93.8
23.5797616667,87.2866733333,21:49:17,94.1
23.5797616667,87.2866283333,21:49:18,94.2
23.57976,87.2865816667,21:49:19,94.1
23.5797583333,87.286535,21:49:20,94.3
23.579755,87.2864916667,21:49:21,94.3
23.579755,87.2864533333,21:49:22,93.9
23.5797583333,87.2864133333,21:49:23,93.8
23.5797583333,87.286375,21:49:24,93.7
23.5797583333,87.2863366667,21:49:25,94.0
23.579765,87.2862933333,21:49:26,93.9
23.57977,87.2862516667,21:49:27,94.1
23.579775,87.286205,21:49:28,94.0
23.5797766667,87.2861516667,21:49:29,94.0
23.5797733333,87.28609,21:49:30,94.3
23.57977,87.2860283333,21:49:31,94.3
23.5797666667,87.2859633333,21:49:32,94.7
23.5797666667,87.2858966667,21:49:33,95.1
23.5797666667,87.2858233333,21:49:34,95.2
23.5797666667,87.285745,21:49:35,95.0
23.5797683333,87.285665,21:49:36,95.5
23.5797716667,87.2855866667,21:49:37,95.6
23.5797716667,87.2855083333,21:49:38,95.8
23.57977,87.2854266667,21:49:39,95.8
23.5797683333,87.2853483333,21:49:40,96.1
23.5797666667,87.285275,21:49:41,96.5
23.579765,87.2852066667,21:49:42,96.3
23.5797666667,87.2851383333,21:49:43,96.3
23.5797683333,87.2850683333,21:49:44,96.3
23.57977,87.284995,21:49:45,96.4
23.5797716667,87.28492,21:49:46,96.5
23.5797733333,87.2848433333,21:49:47,96.5
23.5797766667,87.2847716667,21:49:48,96.4
23.57978,87.2847066667,21:49:49,96.4
23.57978,87.2846483333,21:49:50,96.4
23.5797816667,87.2846,21:49:51,96.4
23.5797816667,87.28456,21:49:52,96.4
23.5797833333,87.2845383333,21:49:53,96.3
23.5797816667,87.28453,21:49:54,96.3
23.5797816667,87.28453,21:49:55,96.3
23.57978,87.28453,21:49:56,96.3
23.5797783333,87.28453,21:49:57,96.2
23.57978,87.2845266667,21:49:58,96.2
23.5797816667,87.2845066667,21:49:59,96.2
23.579785,87.284475,21:50:00,96.2
23.5797866667,87.2844333333,21:50:01,96.1
23.579785,87.2843866667,21:50:02,96.2
23.5797833333,87.2843333333,21:50:03,96.1
23.5797816667,87.2842716667,21:50:04,96.0
23.5797783333,87.2842033333,21:50:05,95.9
23.5797766667,87.2841283333,21:50:06,95.9
23.5797716667,87.2840466667,21:50:07,95.8
23.579765,87.2839616667,21:50:08,95.7
23.5797566667,87.2838733333,21:50:09,95.5
23.5797483333,87.2837833333,21:50:10,95.4
23.5797383333,87.2836966667,21:50:11,95.3
23.5797283333,87.2836116667,21:50:12,95.1
23.57972,87.2835333333,21:50:13,94.9
23.5797083333,87.2834566667,21:50:14,94.7
23.5796883333,87.2833866667,21:50:15,94.7
23.5796533333,87.2833266667,21:50:16,94.2
23.579605,87.28328,21:50:17,93.9
23.579545,87.2832416667,21:50:18,93.7
23.57948,87.2831983333,21:50:19,93.3
23.5794116667,87.2831533333,21:50:20,92.9
23.5793366667,87.283105,21:50:21,92.5
23.579255,87.2830533333,21:50:22,92.2
23.5791733333,87.2830016667,21:50:23,91.9
23.579095,87.28295,21:50:24,91.6
23.5790183333,87.2828983333,21:50:25,91.5
23.5789433333,87.28285,21:50:26,91.3
23.5788733333,87.2828033333,21:50:27,91.3
23.5788083333,87.2827616667,21:50:28,91.3
23.5787483333,87.2827266667,21:50:29,91.3
23.578695,87.2827,21:50:30,91.4
23.5786516667,87.282685,21:50:31,91.3
23.5786133333,87.28268,21:50:32,91.4
23.578575,87.282685,21:50:33,91.5
23.578535,87.2827,21:50:34,91.5
23.578495,87.2827266667,21:50:35,91.6
23.57846,87.2827716667,21:50:36,91.7
23.57843,87.28283,21:50:37,92.1
23.578405,87.2828883333,21:50:38,92.3
23.57838,87.2829433333,21:50:39,92.4
23.5783566667,87.282995,21:50:40,92.4
23.57833,87.2830483333,21:50:41,92.5
23.578305,87.2830983333,21:50:42,92.3
23.578275,87.283135,21:50:43,92.0
23.5782383333,87.28316,21:50:44,92.1
23.5781933333,87.2831733333,21:50:45,92.4
23.5781433333,87.28317,21:50:46,92.2
23.5780883333,87.2831533333,21:50:47,92.4
23.5780283333,87.2831216667,21:50:48,92.3
23.5779633333,87.283085,21:50:49,92.4
23.5778966667,87.28305,21:50:50,92.2
23.5778216667,87.28302,21:50:51,92.2
23.57774,87.283,21:50:52,92.2
23.5776516667,87.28299,21:50:53,92.2
23.57756,87.282985,21:50:54,92.3
23.577465,87.2829783333,21:50:55,92.3
23.577365,87.282975,21:50:56,92.4
23.5772633333,87.2829733333,21:50:57,92.7
23.577165,87.2829733333,21:50:58,93.1
23.577065,87.2829733333,21:50:59,93.3
23.576965,87.2829716667,21:51:00,93.5
23.576865,87.28297,21:51:01,93.7
23.5767633333,87.2829683333,21:51:02,93.9
23.57666,87.2829666667,21:51:03,93.9
23.5765533333,87.2829666667,21:51:04,94.2
23.5764466667,87.282965,21:51:05,94.3
23.5763416667,87.2829616667,21:51:06,94.6
23.576235,87.28296,21:51:07,94.7
23.5761283333,87.2829583333,21:51:08,94.6
23.5760183333,87.2829566667,21:51:09,94.7
23.57591,87.2829533333,21:51:10,94.7
23.5757983333,87.2829516667,21:51:11,94.6
23.57569,87.2829483333,21:51:12,94.6
23.5755833333,87.282945,21:51:13,94.8
23.5754816667,87.282945,21:51:14,94.8
23.5753816667,87.2829466667,21:51:15,94.9
23.5752866667,87.28295,21:51:16,94.7
23.57519,87.2829516667,21:51:17,94.6
23.5750933333,87.28295,21:51:18,94.6
23.575,87.2829533333,21:51:19,94.7
23.5749066667,87.2829533333,21:51:20,94.6
23.5748133333,87.2829483333,21:51:21,94.3
23.5747166667,87.282945,21:51:22,94.1
23.57462,87.2829416667,21:51:23,93.2
23.57452,87.2829383333,21:51:24,93.0
23.574415,87.2829366667,21:51:25,92.8
23.5743116667,87.282935,21:51:26,92.6
23.574205,87.282935,21:51:27,92.9
23.5741016667,87.2829316667,21:51:28,92.7
23.5739983333,87.28293,21:51:29,92.5
23.573895,87.28293,21:51:30,92.9
23.5738016667,87.2829283333,21:51:31,92.5
23.5737183333,87.282925,21:51:32,92.2
23.573645,87.2829233333,21:51:33,92.1
23.57359,87.2829266667,21:51:34,92.6
23.5735483333,87.282925,21:51:35,92.6
23.57352,87.2829266667,21:51:36,93.0
23.573505,87.2829283333,21:51:37,93.3
23.5734883333,87.2829283333,21:51:38,94.1
23.5734733333,87.282925,21:51:39,94.2
23.573455,87.282925,21:51:40,93.9
23.5734233333,87.2829233333,21:51:41,94.1
23.57338,87.2829233333,21:51:42,94.4
23.5733333333,87.2829233333,21:51:43,94.8
23.5732833333,87.2829216667,21:51:44,95.0
23.5732266667,87.2829216667,21:51:45,95.2
23.5731616667,87.28292,21:51:46,95.4
23.573095,87.28292,21:51:47,95.7
23.5730316667,87.28292,21:51:48,96.0
23.57298,87.2829216667,21:51:49,96.3
23.5729433333,87.2829233333,21:51:50,96.7
23.5729216667,87.2829233333,21:51:51,96.8
23.572905,87.2829233333,21:51:52,97.0
23.5728866667,87.282925,21:51:53,97.1
23.57286,87.282925,21:51:54,97.3
23.5728216667,87.2829233333,21:51:55,97.5
23.5727783333,87.2829216667,21:51:56,97.7
23.5727333333,87.28292,21:51:57,98.0
23.5726833333,87.2829166667,21:51:58,98.3
23.57263,87.2829133333,21:51:59,98.6
23.572575,87.2829116667,21:52:00,98.8
23.57252,87.282915,21:52:01,98.9
23.57247,87.2829316667,21:52:02,99.1
23.572425,87.282955,21:52:03,99.4
23.5723833333,87.2829816667,21:52:04,99.6
23.5723416667,87.28301,21:52:05,99.7
23.5722966667,87.2830316667,21:52:06,99.8
23.5722516667,87.283035,21:52:07,99.9
23.572205,87.2830266667,21:52:08,100.0
23.57216,87.2830066667,21:52:09,100.1
23.572115,87.28298,21:52:10,100.3
23.5720666667,87.2829516667,21:52:11,100.6
23.572015,87.2829266667,21:52:12,100.8
23.5719566667,87.2829083333,21:52:13,100.8
23.5718983333,87.2829016667,21:52:14,101.0
23.5718383333,87.2828983333,21:52:15,101.1
23.5717766667,87.282895,21:52:16,101.2
23.5717133333,87.2828933333,21:52:17,101.3
23.5716416667,87.28289,21:52:18,101.1
23.5715666667,87.2828866667,21:52:19,100.9
23.5714866667,87.2828866667,21:52:20,100.8
23.571405,87.2828866667,21:52:21,100.6
23.5713216667,87.2828866667,21:52:22,100.2
23.5712383333,87.28289,21:52:23,100.0
23.5711533333,87.2828916667,21:52:24,99.8
23.5710666667,87.2828916667,21:52:25,99.5
23.57098,87.2828916667,21:52:26,99.3
23.570895,87.28289,21:52:27,99.0
23.5708116667,87.28289,21:52:28,98.9
23.57073,87.2828866667,21:52:29,98.7
23.5706516667,87.2828866667,21:52:30,98.6
23.5705766667,87.282885,21:52:31,98.4
23.5705066667,87.2828833333,21:52:32,98.2
23.5704383333,87.28288,21:52:33,98.0
23.5703733333,87.28288,21:52:34,97.8
23.5703033333,87.2828783333,21:52:35,97.6
23.57023,87.2828766667,21:52:36,97.3
23.57015,87.2828783333,21:52:37,97.2
23.5700733333,87.2828716667,21:52:38,96.8
23.5699933333,87.2828683333,21:52:39,96.8
23.5699116667,87.28287,21:52:40,97.2
23.56983,87.2828733333,21:52:41,97.4
23.5697516667,87.2828766667,21:52:42,97.3
23.569675,87.2828766667,21:52:43,97.3
23.569595,87.2828766667,21:52:44,97.4
23.5695166667,87.2828766667,21:52:45,97.5
23.5694333333,87.282875,21:52:46,97.5
23.5693466667,87.2828733333,21:52:47,97.7
23.56926,87.282875,21:52:48,97.6
23.569175,87.2828716667,21:52:49,97.3
23.5690883333,87.28287,21:52:50,97.0
23.5690016667,87.282865,21:52:51,96.6
23.5689166667,87.28286,21:52:52,96.2
23.5688316667,87.2828583333,21:52:53,96.1
23.5687516667,87.2828533333,21:52:54,96.1
23.5686816667,87.28285,21:52:55,95.9
23.5686233333,87.28285,21:52:56,95.8
23.5685766667,87.2828516667,21:52:57,95.4
23.5685366667,87.282855,21:52:58,95.2
23.5685016667,87.282855,21:52:59,95.0
23.5684633333,87.282855,21:53:00,94.7
23.5684183333,87.2828566667,21:53:01,94.8
23.56837,87.2828583333,21:53:02,94.7
23.5683183333,87.28286,21:53:03,94.7
23.568265,87.2828616667,21:53:04,94.6
23.5682066667,87.2828633333,21:53:05,94.5
23.5681416667,87.2828633333,21:53:06,94.6
23.5680733333,87.28286,21:53:07,94.6
23.5679983333,87.2828566667,21:53:08,94.7
23.56792,87.2828566667,21:53:09,94.6
23.56784,87.282855,21:53:10,94.4
23.56776,87.2828533333,21:53:11,94.3
23.56768,87.2828516667,21:53:12,94.3
23.5676033333,87.2828466667,21:53:13,94.2
23.567525,87.282845,21:53:14,94.2
23.567445,87.2828433333,21:53:15,94.2
23.567365,87.2828416667,21:53:16,94.2
23.5672816667,87.282845,21:53:17,94.3
23.5672,87.2828466667,21:53:18,94.4
23.5671183333,87.28285,21:53:19,94.4
23.5670366667,87.2828516667,21:53:20,94.5
23.5669566667,87.2828533333,21:53:21,94.6
23.5668766667,87.2828516667,21:53:22,94.7
23.5667983333,87.2828516667,21:53:23,94.8
23.5667183333,87.2828516667,21:53:24,95.3
23.5666416667,87.2828516667,21:53:25,95.5
23.5665683333,87.2828516667,21:53:26,95.7
23.5664983333,87.2828516667,21:53:27,96.0
23.5664316667,87.28285,21:53:28,96.2
23.566365,87.2828466667,21:53:29,96.5
23.5663,87.2828416667,21:53:30,96.6
23.5662333333,87.2828416667,21:53:31,96.8
23.56617,87.2828466667,21:53:32,96.9
23.5661066667,87.2828516667,21:53:33,97.0
23.5660416667,87.2828583333,21:53:34,97.2
23.56598,87.2828716667,21:53:35,97.2
23.5659183333,87.2828966667,21:53:36,97.5
23.56587,87.2829333333,21:53:37,97.3
23.5658266667,87.2829783333,21:53:38,97.8
23.5657933333,87.2830233333,21:53:39,98.0
23.5657683333,87.28307,21:53:40,97.7
23.5657516667,87.2831183333,21:53:41,97.4
23.5657416667,87.28317,21:53:42,97.3
23.5657383333,87.28323,21:53:43,97.3
23.56574,87.2832966667,21:53:44,97.1
23.56574,87.2833633333,21:53:45,97.1
23.5657416667,87.2834383333,21:53:46,97.1
23.5657416667,87.2835133333,21:53:47,97.2
23.5657433333,87.2835883333,21:53:48,97.1
23.56575,87.2836666667,21:53:49,97.0
23.5657566667,87.2837466667,21:53:50,97.1
23.5657616667,87.28383,21:53:51,97.3
23.5657666667,87.28391,21:53:52,97.6
23.56577,87.2839833333,21:53:53,97.7
23.5657716667,87.2840483333,21:53:54,97.7
23.5657733333,87.284105,21:53:55,97.8
23.565775,87.2841516667,21:53:56,97.7
23.5657766667,87.2841883333,21:53:57,97.8
23.5657783333,87.2842166667,21:53:58,97.7
23.5657766667,87.28424,21:53:59,98.0
23.5657766667,87.28426,21:54:00,98.1
23.5657766667,87.2842816667,21:54:01,98.2
23.5657783333,87.2843066667,21:54:02,98.3
23.56578,87.2843333333,21:54:03,98.2
23.56578,87.284365,21:54:04,98.2
23.5657783333,87.2843933333,21:54:05,98.0
23.56577,87.2844216667,21:54:06,97.9
23.5657566667,87.2844416667,21:54:07,97.8
23.56574,87.284455,21:54:08,97.4
23.5657216667,87.2844566667,21:54:09,97.2
23.5657,87.2844566667,21:54:10,97.1
23.56568,87.28445,21:54:11,96.8
23.5656633333,87.2844366667,21:54:12,96.6
23.565645,87.2844233333,21:54:13,96.3
23.565625,87.28441,21:54:14,96.1
23.5655983333,87.2843983333,21:54:15,95.8
23.5655733333,87.2843766667,21:54:16,95.8
23.5655416667,87.2843633333,21:54:17,95.6
23.5655,87.28435,21:54:18,95.6
23.5654516667,87.284335,21:54:19,95.4
23.5653966667,87.28431,21:54:20,95.1
23.5653333333,87.2842866667,21:54:21,94.9
23.565265,87.2842616667,21:54:22,94.5
23.5651916667,87.2842366667,21:54:23,94.2
23.5651183333,87.28421,21:54:24,93.9
23.5650433333,87.284185,21:54:25,94.0
23.56497,87.2841583333,21:54:26,93.6
23.5648966667,87.2841316667,21:54:27,93.5
23.564825,87.2841066667,21:54:28,93.2
23.5647533333,87.2840816667,21:54:29,93.5
23.5646833333,87.2840566667,21:54:30,93.1
23.564615,87.284035,21:54:31,93.0
23.5645483333,87.2840116667,21:54:32,92.8
23.564485,87.2839866667,21:54:33,92.7
23.5644183333,87.2839633333,21:54:34,93.2
23.5643533333,87.2839416667,21:54:35,93.4
23.5642933333,87.28392,21:54:36,93.3
23.5642366667,87.2839016667,21:54:37,93.2
23.5641866667,87.283885,21:54:38,93.1
23.564145,87.2838716667,21:54:39,93.1
23.5641133333,87.2838583333,21:54:40,93.0
23.564085,87.283845,21:54:41,93.0
23.56406,87.2838283333,21:54:42,93.0
23.5640416667,87.283805,21:54:43,93.1
23.56403,87.2837766667,21:54:44,93.4
23.564025,87.2837483333,21:54:45,93.5
23.564025,87.2837183333,21:54:46,93.6
23.5640316667,87.2836883333,21:54:47,93.7
23.56404,87.2836533333,21:54:48,93.9
23.56405,87.283615,21:54:49,94.0
23.56406,87.2835783333,21:54:50,94.0
23.5640683333,87.2835533333,21:54:51,94.2
23.564075,87.283535,21:54:52,94.4
23.5640816667,87.2835166667,21:54:53,94.5
23.56409,87.283495,21:54:54,94.6
23.5640966667,87.2834683333,21:54:55,94.9
23.5641083333,87.2834383333,21:54:56,95.0
23.5641183333,87.2834033333,21:54:57,95.1
23.5641316667,87.283365,21:54:58,95.3
23.5641466667,87.2833266667,21:54:59,95.5
23.5641616667,87.28329,21:55:00,95.6
23.564175,87.2832533333,21:55:01,95.6
23.564185,87.2832233333,21:55:02,95.7
23.5641933333,87.2831933333,21:55:03,96.0
23.5642,87.2831683333,21:55:04,96.1
23.564205,87.2831466667,21:55:05,96.0
23.56421,87.283125,21:55:06,96.1
23.5642133333,87.283105,21:55:07,96.0
23.56422,87.2830833333,21:55:08,95.9
23.564225,87.28306,21:55:09,95.9
23.5642316667,87.283035,21:55:10,95.8
23.5642366667,87.2830116667,21:55:11,95.8
23.5642466667,87.2829883333,21:55:12,95.8
23.5642516667,87.2829666667,21:55:13,95.5
23.5642583333,87.282945,21:55:14,95.5
23.5642633333,87.28293,21:55:15,95.4
23.5642683333,87.2829166667,21:55:16,95.4
23.56427,87.2829066667,21:55:17,95.1
23.564275,87.2828966667,21:55:18,95.0
23.5642783333,87.2828866667,21:55:19,95.0
23.5642833333,87.282875,21:55:20,94.9
23.5642866667,87.2828683333,21:55:21,94.8
23.56429,87.28286,21:55:22,94.8
23.5642916667,87.282855,21:55:23,94.8
23.5642933333,87.2828483333,21:55:24,94.6
23.564295,87.2828466667,21:55:25,94.4
23.564295,87.2828466667,21:55:26,94.4
23.564295,87.2828466667,21:55:27,94.4
23.564295,87.2828466667,21:55:28,94.4
23.564295,87.2828466667,21:55:29,94.4
23.564295,87.2828466667,21:55:30,94.4
23.564295,87.2828466667,21:55:31,94.4
23.564295,87.2828466667,21:55:32,94.4
23.564295,87.2828466667,21:55:33,94.4
23.564295,87.2828466667,21:55:34,94.4
23.564295,87.2828466667,21:55:35,94.4
23.564295,87.2828466667,21:55:36,94.4
23.564295,87.2828466667,21:55:37,94.4
23.564295,87.2828466667,21:55:38,94.4
23.564295,87.2828466667,21:55:39,94.4
23.564295,87.2828466667,21:55:40,94.4
23.564295,87.2828466667,21:55:41,94.4
23.564295,87.2828466667,21:55:42,94.4
23.564295,87.2828466667,21:55:43,94.4
23.564295,87.2828466667,21:55:44,94.4
23.564295,87.2828466667,21:55:45,94.4
23.564295,87.2828466667,21:55:46,94.4
23.564295,87.2828466667,21:55:47,94.4
23.564295,87.2828466667,21:55:48,94.4
23.564295,87.2828466667,21:55:49,94.4
23.564295,87.2828466667,21:55:50,94.4
23.564295,87.2828466667,21:55:51,94.4
23.564295,87.2828466667,21:55:52,94.4
23.564295,87.2828433333,21:55:53,94.4
23.564295,87.2828433333,21:55:54,94.4
23.564295,87.2828433333,21:55:55,94.4
23.564295,87.2828433333,21:55:56,94.4
23.564295,87.2828433333,21:55:57,94.4
23.564295,87.2828433333,21:55:58,94.4
23.564295,87.2828433333,21:55:59,94.4
23.564295,87.2828433333,21:56:00,94.4
23.564295,87.2828433333,21:56:01,94.4
23.564295,87.2828433333,21:56:02,94.4
23.564295,87.2828433333,21:56:03,94.4
23.564295,87.2828433333,21:56:04,94.4
23.564295,87.2828433333,21:56:05,94.4
23.564295,87.2828433333,21:56:06,94.4
23.5642916667,87.282835,21:56:07,94.4
23.564285,87.282825,21:56:08,94.5
23.5642816667,87.2828033333,21:56:09,94.3
23.5642866667,87.282775,21:56:10,94.0
23.5642933333,87.2827483333,21:56:11,93.7
23.5642966667,87.2827283333,21:56:12,93.5
23.5643066667,87.2827083333,21:56:13,93.4
